T_glm;scen;year;start.year
0.12246619252943;cntl;501;NA
0.174526464062581;cntl;502;NA
-0.10742262950663;cntl;503;NA
-0.175265140587612;cntl;504;NA
-0.045024648781407;cntl;505;NA
0.0407520278692459;cntl;506;NA
0.126418909922847;cntl;507;NA
0.0439746058367518;cntl;508;NA
-0.148764714845186;cntl;509;NA
-0.214523713098856;cntl;510;NA
-0.139704664122917;cntl;511;NA
-0.0781004835815224;cntl;512;NA
-0.0996952930426573;cntl;513;NA
-0.295963041835137;cntl;514;NA
-0.144737857528924;cntl;515;NA
-0.169745235031201;cntl;516;NA
0.0893367232952755;cntl;517;NA
0.0785374275153004;cntl;518;NA
-0.316748500307028;cntl;519;NA
-0.190580469191048;cntl;520;NA
0.0967403354912904;cntl;521;NA
-0.0181315930793176;cntl;522;NA
0.00114367281156547;cntl;523;NA
0.0107405288239306;cntl;524;NA
0.0901765738834115;cntl;525;NA
-0.201182168120624;cntl;526;NA
-0.253317097747583;cntl;527;NA
0.00933732672734777;cntl;528;NA
0.124396303878484;cntl;529;NA
0.00712143854224223;cntl;530;NA
0.0608458900433106;cntl;531;NA
0.181872938241952;cntl;532;NA
-0.182792664085071;cntl;533;NA
-0.277210014590139;cntl;534;NA
-0.090242285735485;cntl;535;NA
0.194588740113147;cntl;536;NA
0.128459740139135;cntl;537;NA
-0.094105613859881;cntl;538;NA
-0.261483020479034;cntl;539;NA
-0.107496239103739;cntl;540;NA
-0.12077222097048;cntl;541;NA
-0.0881819538959689;cntl;542;NA
-0.0295544666813612;cntl;543;NA
-0.151036397121288;cntl;544;NA
-0.0609734173508514;cntl;545;NA
0.0724732024577293;cntl;546;NA
-0.121757708310156;cntl;547;NA
-0.173050673145724;cntl;548;NA
-0.0650834366454092;cntl;549;NA
-0.0577934038481089;cntl;550;NA
-0.105912023110307;cntl;551;NA
-0.0394351514726168;cntl;552;NA
0.0016110578825419;cntl;553;NA
-0.00157253681317115;cntl;554;NA
0.186494835278722;cntl;555;NA
0.14609852654894;cntl;556;NA
-0.217240835317568;cntl;557;NA
-0.308645483086025;cntl;558;NA
-0.196615125824223;cntl;559;NA
-0.00483542293551409;cntl;560;NA
0.200135251476581;cntl;561;NA
0.144240544046738;cntl;562;NA
-0.144371543198531;cntl;563;NA
-0.153043746442791;cntl;564;NA
0.0316187429688171;cntl;565;NA
-0.0909094583496994;cntl;566;NA
-0.406031859769939;cntl;567;NA
-0.412921524496085;cntl;568;NA
-0.0850436279320661;cntl;569;NA
-0.0510349146376257;cntl;570;NA
-0.15740364794658;cntl;571;NA
-0.13303920415899;cntl;572;NA
-0.152034195901649;cntl;573;NA
0.0276310902172554;cntl;574;NA
-0.0812654845373117;cntl;575;NA
-0.330920287957667;cntl;576;NA
-0.25114095269646;cntl;577;NA
-0.166089406103708;cntl;578;NA
-0.135913492094915;cntl;579;NA
0.0569820547480049;cntl;580;NA
0.119157979258716;cntl;581;NA
-0.110959790121967;cntl;582;NA
-0.148209265068658;cntl;583;NA
-0.00219190590422613;cntl;584;NA
0.144441383655419;cntl;585;NA
-0.0343421241239525;cntl;586;NA
-0.183121606580016;cntl;587;NA
-0.0928582615086953;cntl;588;NA
-0.0144238396369474;cntl;589;NA
0.195220503092912;cntl;590;NA
0.073547328608754;cntl;591;NA
-0.110661470254399;cntl;592;NA
-0.27141904435922;cntl;593;NA
-0.317875958949458;cntl;594;NA
-0.260061877658245;cntl;595;NA
-0.0346143771432139;cntl;596;NA
0.00657976624830781;cntl;597;NA
0.10153637882604;cntl;598;NA
-0.0760095570195176;cntl;599;NA
-0.112011917004622;cntl;600;NA
5.25888428910548e-05;cntl;601;NA
-0.072653576892435;cntl;602;NA
-0.0676536536226422;cntl;603;NA
-0.0745133357115151;cntl;604;NA
-0.0327178449049939;cntl;605;NA
0.11064067140336;cntl;606;NA
0.0189752105834486;cntl;607;NA
-0.12552672473106;cntl;608;NA
0.0513900601532669;cntl;609;NA
0.185627332370927;cntl;610;NA
0.170337563714781;cntl;611;NA
-0.0627669323328632;cntl;612;NA
-0.108079254959421;cntl;613;NA
0.0145295732138493;cntl;614;NA
0.0782470478412165;cntl;615;NA
-0.0802011356819889;cntl;616;NA
-0.0361453372415212;cntl;617;NA
0.0702514648390888;cntl;618;NA
0.0183157626346429;cntl;619;NA
-0.156103216240297;cntl;620;NA
-0.246763075301942;cntl;621;NA
-0.150392588861678;cntl;622;NA
-0.006576358658549;cntl;623;NA
0.0113398918900884;cntl;624;NA
-0.113826530435915;cntl;625;NA
-0.240359389587638;cntl;626;NA
-0.128754841303873;cntl;627;NA
-0.067728156376063;cntl;628;NA
-0.044781195544715;cntl;629;NA
-0.00592816029336518;cntl;630;NA
0.0940436150419259;cntl;631;NA
-0.0995432442617812;cntl;632;NA
-0.233292920122324;cntl;633;NA
-0.320126132684891;cntl;634;NA
-0.148880380963021;cntl;635;NA
-0.0386033354291158;cntl;636;NA
-0.104928753959541;cntl;637;NA
-0.171477703934897;cntl;638;NA
0.0954387483236587;cntl;639;NA
0.190326364296652;cntl;640;NA
-0.151959225072801;cntl;641;NA
-0.284034248720161;cntl;642;NA
-0.384427979351358;cntl;643;NA
-0.150797330936427;cntl;644;NA
0.148533063832701;cntl;645;NA
0.263427779626852;cntl;646;NA
0.135599042202443;cntl;647;NA
0.205888449417785;cntl;648;NA
0.0726959188331762;cntl;649;NA
0.00880267456858519;cntl;650;NA
-0.152239530915267;cntl;651;NA
-0.128035875561636;cntl;652;NA
0.0309663255443411;cntl;653;NA
-0.051151341625598;cntl;654;NA
-0.16537166188931;cntl;655;NA
-0.0161369838962173;cntl;656;NA
0.0209133820518446;cntl;657;NA
-0.18046081690602;cntl;658;NA
0.0124498886415267;cntl;659;NA
-0.0144447188681625;cntl;660;NA
-0.0360075661183714;cntl;661;NA
0.0348655748269948;cntl;662;NA
-0.0911035162963003;cntl;663;NA
-0.0160754903350835;cntl;664;NA
0.116327343936121;cntl;665;NA
-0.0292990841203959;cntl;666;NA
-0.276767268369383;cntl;667;NA
-0.313216596695895;cntl;668;NA
-0.259652582195372;cntl;669;NA
-0.169454930620589;cntl;670;NA
-0.246677874545469;cntl;671;NA
-0.0533296920460202;cntl;672;NA
0.232799628972089;cntl;673;NA
-0.0129430959082697;cntl;674;NA
0.0638472323536803;cntl;675;NA
0.166764522258916;cntl;676;NA
-0.241227854059673;cntl;677;NA
-0.287656161373036;cntl;678;NA
-0.133376246436626;cntl;679;NA
-0.109584691806276;cntl;680;NA
-0.103679231305591;cntl;681;NA
0.0247879797719861;cntl;682;NA
0.197292860993457;cntl;683;NA
0.0679160160682954;cntl;684;NA
0.00356416510771851;cntl;685;NA
-0.238643774484558;cntl;686;NA
-0.154636721747636;cntl;687;NA
-0.0474461906686656;cntl;688;NA
-0.0620687634375372;cntl;689;NA
-0.224385688986501;cntl;690;NA
-0.0431712544365723;cntl;691;NA
0.139995808121739;cntl;692;NA
0.0268236070471062;cntl;693;NA
-0.0610776246815021;cntl;694;NA
-0.165834089016982;cntl;695;NA
-0.208316137141139;cntl;696;NA
-0.185685384388989;cntl;697;NA
-0.0873356178246354;cntl;698;NA
-0.0176790551643649;cntl;699;NA
-0.204989141526596;cntl;700;NA
-0.316487345193764;cntl;701;NA
-0.202978947383258;cntl;702;NA
-0.0191729716921714;cntl;703;NA
-0.0657204077230062;cntl;704;NA
-0.428249483793309;cntl;705;NA
-0.413129902015612;cntl;706;NA
-0.0696331143250859;cntl;707;NA
0.141415551462558;cntl;708;NA
-0.271223420796616;cntl;709;NA
-0.184285501533964;cntl;710;NA
0.13346172366073;cntl;711;NA
0.0779789844791594;cntl;712;NA
-0.401312089675287;cntl;713;NA
-0.421777059428905;cntl;714;NA
-0.326800541646492;cntl;715;NA
0.00954693040114307;cntl;716;NA
0.0792494794355321;cntl;717;NA
-0.116640196027333;cntl;718;NA
-0.179354343590774;cntl;719;NA
0.0289038622080966;cntl;720;NA
0.0514143230345212;cntl;721;NA
0.168068383986736;cntl;722;NA
0.0935478294363747;cntl;723;NA
0.0247354525504875;cntl;724;NA
0.123684636852829;cntl;725;NA
0.0462327618094491;cntl;726;NA
0.0346317799507005;cntl;727;NA
-0.0256205031504351;cntl;728;NA
0.049110921918043;cntl;729;NA
0.134344751910646;cntl;730;NA
-0.0108380126523571;cntl;731;NA
-0.101449745353989;cntl;732;NA
-0.0192216312739788;cntl;733;NA
0.0760580187871369;cntl;734;NA
0.101244849272575;cntl;735;NA
0.099794933668079;cntl;736;NA
0.0249133106899535;cntl;737;NA
-0.0609705348637135;cntl;738;NA
-0.0864302184322128;cntl;739;NA
-0.0277555751486034;cntl;740;NA
0.0422005496415068;cntl;741;NA
-0.0909445533731628;cntl;742;NA
-0.0572049368989838;cntl;743;NA
-0.124838494786275;cntl;744;NA
-0.104080495550306;cntl;745;NA
0.0210459319533243;cntl;746;NA
0.0887679532260108;cntl;747;NA
-0.0364539013729086;cntl;748;NA
-0.124706904788695;cntl;749;NA
-0.0874319128481602;cntl;750;NA
0.0527495246127501;cntl;751;NA
0.0744382807928901;cntl;752;NA
-0.00281638673152429;cntl;753;NA
0.0467521903086094;cntl;754;NA
-0.0163846407605206;cntl;755;NA
-0.0500676780407048;cntl;756;NA
-0.0635960202726551;cntl;757;NA
0.0827832039279883;cntl;758;NA
0.0211640641950339;cntl;759;NA
-0.168900523517209;cntl;760;NA
-0.0104627634493681;cntl;761;NA
0.0342649876679388;cntl;762;NA
-0.0926599609178993;cntl;763;NA
0.140080415491241;cntl;764;NA
0.154255592025208;cntl;765;NA
0.0701303042750396;cntl;766;NA
0.0918468484202322;cntl;767;NA
0.0461695735812668;cntl;768;NA
-0.0967870365267913;cntl;769;NA
0.166744840373042;cntl;770;NA
0.208253776759591;cntl;771;NA
-0.139765846771752;cntl;772;NA
-0.0334150171906913;cntl;773;NA
-0.00267018930338736;cntl;774;NA
-0.120326156845749;cntl;775;NA
-0.0588901419727108;cntl;776;NA
0.150570012619824;cntl;777;NA
0.0460787156355309;cntl;778;NA
-0.262131980696552;cntl;779;NA
-0.169037272933451;cntl;780;NA
-0.175178103266148;cntl;781;NA
-0.0141234192949469;cntl;782;NA
0.192094794041793;cntl;783;NA
0.0857276710540873;cntl;784;NA
-0.0617641462829965;cntl;785;NA
-0.096981548640656;cntl;786;NA
-0.0365403817941115;cntl;787;NA
-0.0715636451511159;cntl;788;NA
0.0182131664956273;cntl;789;NA
0.0946461256563111;cntl;790;NA
-0.00572393641016333;cntl;791;NA
-0.0542647994183199;cntl;792;NA
0.195267810429982;cntl;793;NA
0.198913168298361;cntl;794;NA
-0.140225544934538;cntl;795;NA
-0.190364610466816;cntl;796;NA
-0.0525993868616865;cntl;797;NA
0.110253808176253;cntl;798;NA
0.228912192953828;cntl;799;NA
0.140246467662735;cntl;800;NA
0.171834407026324;cntl;801;NA
0.114604352131153;cntl;802;NA
-0.0855925701487763;cntl;803;NA
-0.0278179272184502;cntl;804;NA
-0.0372925735841818;cntl;805;NA
0.13833651858647;cntl;806;NA
0.109177821959634;cntl;807;NA
-0.223400762192398;cntl;808;NA
-0.261501454302334;cntl;809;NA
-0.125254119647195;cntl;810;NA
0.0694030451397225;cntl;811;NA
-0.0197213899195958;cntl;812;NA
0.0381243045376891;cntl;813;NA
-0.017665834422246;cntl;814;NA
-0.141689396235336;cntl;815;NA
-0.117376485852844;cntl;816;NA
-0.105239512226547;cntl;817;NA
-0.0782747379222428;cntl;818;NA
-0.152453782882446;cntl;819;NA
-0.16769509119456;cntl;820;NA
-0.184697471315417;cntl;821;NA
-0.0424079652439673;cntl;822;NA
0.187838578043852;cntl;823;NA
-0.00484077276678363;cntl;824;NA
-0.168063443317692;cntl;825;NA
0.0998378794290602;cntl;826;NA
-0.143957783835788;cntl;827;NA
-0.278411218128895;cntl;828;NA
-0.0723713219928754;cntl;829;NA
0.0130202399909081;cntl;830;NA
-0.297071646956056;cntl;831;NA
-0.302759029467609;cntl;832;NA
-0.0454875788835238;cntl;833;NA
0.0111847770888289;cntl;834;NA
-0.258078682824362;cntl;835;NA
-0.182902175198137;cntl;836;NA
-0.0194121923228181;cntl;837;NA
0.0105103390582713;cntl;838;NA
-0.0282314363110459;cntl;839;NA
0.167665876435933;cntl;840;NA
0.134743095549311;cntl;841;NA
-0.233737438484923;cntl;842;NA
-0.210770343632021;cntl;843;NA
-0.137407694965361;cntl;844;NA
-0.166692982726829;cntl;845;NA
-0.123859934231291;cntl;846;NA
-0.114265833735544;cntl;847;NA
-0.103450116737235;cntl;848;NA
0.160389883553648;cntl;849;NA
0.261330915529413;cntl;850;NA
-0.0632703043188485;cntl;851;NA
-0.135532482100984;cntl;852;NA
-0.104723333839218;cntl;853;NA
0.0166485022741085;cntl;854;NA
0.169248964516328;cntl;855;NA
0.1491518102481;cntl;856;NA
-0.0343458710388518;cntl;857;NA
-0.208910992706706;cntl;858;NA
-0.226309342220873;cntl;859;NA
-0.0313395409909276;cntl;860;NA
0.241312563991983;cntl;861;NA
0.290351176102035;cntl;862;NA
0.128038287479797;cntl;863;NA
-0.203088717054584;cntl;864;NA
-0.333189469712352;cntl;865;NA
-0.104002677546021;cntl;866;NA
0.128024907090492;cntl;867;NA
0.0367497757121669;cntl;868;NA
-0.20073009208204;cntl;869;NA
-0.12603757475739;cntl;870;NA
0.104983063278041;cntl;871;NA
0.214676568763934;cntl;872;NA
0.333518609031955;cntl;873;NA
-0.128721609478646;cntl;874;NA
-0.13923972738678;cntl;875;NA
-0.201168576456894;cntl;876;NA
0.0268691276836535;cntl;877;NA
-0.0516371579404904;cntl;878;NA
-0.2501841304923;cntl;879;NA
-0.204355030338888;cntl;880;NA
-0.136962987418144;cntl;881;NA
-0.078792225050563;cntl;882;NA
0.0249864459416358;cntl;883;NA
-0.124945402860533;cntl;884;NA
-0.106814614325231;cntl;885;NA
-0.0635107378734006;cntl;886;NA
-0.0112194715094347;cntl;887;NA
0.277235122232696;cntl;888;NA
0.135038679693821;cntl;889;NA
-0.155896417098916;cntl;890;NA
0.026712447190846;cntl;891;NA
-0.0146062703430516;cntl;892;NA
-0.375228157183869;cntl;893;NA
-0.226453286312164;cntl;894;NA
-0.0816202398260657;cntl;895;NA
0.000744034317335718;cntl;896;NA
-0.0410995909950316;cntl;897;NA
-0.0626801581591963;cntl;898;NA
-0.103043391971426;cntl;899;NA
-0.0200829572298744;cntl;900;NA
-0.0482588526558629;cntl;901;NA
-0.0677735605275416;cntl;902;NA
-0.178106787472416;cntl;903;NA
-0.0472657647399615;cntl;904;NA
0.139929446476856;cntl;905;NA
-0.0174698759014404;cntl;906;NA
-0.0957161899436869;cntl;907;NA
-0.125673402818109;cntl;908;NA
0.134308783356289;cntl;909;NA
0.187732892096619;cntl;910;NA
-0.212442167843051;cntl;911;NA
-0.242258791491508;cntl;912;NA
-0.22077140668506;cntl;913;NA
-0.115619480053795;cntl;914;NA
-0.0464403943740876;cntl;915;NA
0.00127711388671514;cntl;916;NA
-0.0194529619187165;cntl;917;NA
0.239304365819009;cntl;918;NA
0.244245450189567;cntl;919;NA
-0.0525666317475952;cntl;920;NA
-0.149078230211728;cntl;921;NA
-0.149525524505066;cntl;922;NA
0.142966159228592;cntl;923;NA
0.13279918884956;cntl;924;NA
-0.0551117703803357;cntl;925;NA
0.0182069722885672;cntl;926;NA
0.0954324509352773;cntl;927;NA
0.143673106611686;cntl;928;NA
-0.0327869881488141;cntl;929;NA
0.0827041194243634;cntl;930;NA
0.248377944625361;cntl;931;NA
0.185493923498086;cntl;932;NA
0.0682940692275906;cntl;933;NA
0.0375431561471942;cntl;934;NA
-0.0182856367888462;cntl;935;NA
0.0940793663651789;cntl;936;NA
0.235289413063242;cntl;937;NA
0.091068991025395;cntl;938;NA
0.1496151994358;cntl;939;NA
0.0147248434006428;cntl;940;NA
0.0151648683117855;cntl;941;NA
0.0809428037574094;cntl;942;NA
-0.232391901710969;cntl;943;NA
-0.19308846834241;cntl;944;NA
-0.117790956528211;cntl;945;NA
0.00865292156839814;cntl;946;NA
-0.00165957418192875;cntl;947;NA
-0.0839787409394717;cntl;948;NA
-0.0088158165006007;cntl;949;NA
-0.063175771768158;cntl;950;NA
-0.0635205028351038;cntl;951;NA
-0.175066832537254;cntl;952;NA
-0.322470146201681;cntl;953;NA
-0.204753972900733;cntl;954;NA
-0.0543814413342716;cntl;955;NA
-0.0870026840134415;cntl;956;NA
-0.204204726059857;cntl;957;NA
-0.214408774120329;cntl;958;NA
0.0213115217289896;cntl;959;NA
0.10177832818357;cntl;960;NA
-0.115919843805955;cntl;961;NA
-0.109218224906215;cntl;962;NA
0.0662469108671644;cntl;963;NA
0.0190971688722925;cntl;964;NA
-0.234193464795283;cntl;965;NA
-0.227315319503703;cntl;966;NA
-0.0420440129626627;cntl;967;NA
0.0759023416446212;cntl;968;NA
-0.0368472592070361;cntl;969;NA
-0.108904514709366;cntl;970;NA
-0.135329911054271;cntl;971;NA
-0.0997357041214286;cntl;972;NA
-0.178753598300489;cntl;973;NA
-0.00988783890437617;cntl;974;NA
-0.209215125201752;cntl;975;NA
-0.157102883690072;cntl;976;NA
-0.0680907923335212;cntl;977;NA
0.0864723713690978;cntl;978;NA
0.0619060496002817;cntl;979;NA
-0.280873514301334;cntl;980;NA
-0.0859283918212554;cntl;981;NA
0.042380260141897;cntl;982;NA
0.0203118296265075;cntl;983;NA
0.195121418928693;cntl;984;NA
0.177856107876607;cntl;985;NA
-0.178185936562556;cntl;986;NA
-0.127954101521937;cntl;987;NA
0.0183901468814724;cntl;988;NA
0.0300509067989765;cntl;989;NA
-0.184618230466185;cntl;990;NA
-0.252606049496137;cntl;991;NA
-0.0606219594396293;cntl;992;NA
0.0348604131119714;cntl;993;NA
-0.201964755192364;cntl;994;NA
-0.1795084837118;cntl;995;NA
0.0965900378587321;cntl;996;NA
-0.0178098644274201;cntl;997;NA
-0.279966828191277;cntl;998;NA
-0.234212743571504;cntl;999;NA
-0.062990120215602;cntl;1000;NA
0.0524437464571292;cntl;1001;NA
0.02046227507617;cntl;1002;NA
-0.0290763841561557;cntl;1003;NA
-0.0533442798692931;cntl;1004;NA
0.201393130014594;cntl;1005;NA
0.174106654433615;cntl;1006;NA
-0.287992662853469;cntl;1007;NA
-0.172954868602517;cntl;1008;NA
-0.103222447620794;cntl;1009;NA
-0.064956532315307;cntl;1010;NA
-0.0142911631660354;cntl;1011;NA
0.307535169165021;cntl;1012;NA
0.376162472830174;cntl;1013;NA
-0.0793363028048475;cntl;1014;NA
-0.177335873368122;cntl;1015;NA
-0.0380796980568903;cntl;1016;NA
0.0257928022072065;cntl;1017;NA
-0.202984144883203;cntl;1018;NA
-0.0425708256113353;cntl;1019;NA
0.17028121277724;cntl;1020;NA
-0.101021152155226;cntl;1021;NA
-0.0970478642381067;cntl;1022;NA
0.0595463605507689;cntl;1023;NA
-0.0940557837000711;cntl;1024;NA
-0.117056151430916;cntl;1025;NA
-0.00930615606131369;cntl;1026;NA
0.123213101445515;cntl;1027;NA
0.0778237457023465;cntl;1028;NA
-0.00223797705302786;cntl;1029;NA
-0.0269945845050188;cntl;1030;NA
0.0498716361706784;cntl;1031;NA
0.141593655093118;cntl;1032;NA
-0.0112253496122889;cntl;1033;NA
0.0359494746481914;cntl;1034;NA
0.17335457450929;cntl;1035;NA
0.160411470193139;cntl;1036;NA
-0.228252298017594;cntl;1037;NA
-0.213781919199732;cntl;1038;NA
-0.0685680125906742;cntl;1039;NA
-0.145539759766052;cntl;1040;NA
-0.131064062156042;cntl;1041;NA
0.0576020860993367;cntl;1042;NA
0.134817817970543;cntl;1043;NA
-0.127958400979765;cntl;1044;NA
-0.136222615772112;cntl;1045;NA
0.028269946992566;cntl;1046;NA
-0.0483434335932316;cntl;1047;NA
0.0468052485750832;cntl;1048;NA
0.209469937340032;cntl;1049;NA
0.0872087738111986;cntl;1050;NA
0.19410448642526;cntl;1051;NA
0.307598826146148;cntl;1052;NA
-0.00857377826071115;cntl;1053;NA
0.0279147057427167;cntl;1054;NA
-0.0242842029500139;cntl;1055;NA
0.123480266681725;cntl;1056;NA
0.0713694414361612;cntl;1057;NA
-0.0490183123056909;cntl;1058;NA
0.0288994097368231;cntl;1059;NA
0.0471904256601192;cntl;1060;NA
-0.115816861058192;cntl;1061;NA
-0.00907186421022743;cntl;1062;NA
0.0291047483360103;cntl;1063;NA
0.0702474175390648;cntl;1064;NA
0.0493837822065757;cntl;1065;NA
0.262169046438885;cntl;1066;NA
0.135570164578439;cntl;1067;NA
0.00720201086721772;cntl;1068;NA
-0.0824670338391229;cntl;1069;NA
-0.0835716174702839;cntl;1070;NA
0.0588353673783786;cntl;1071;NA
0.168507400221358;cntl;1072;NA
-0.0815499234254844;cntl;1073;NA
-0.0376899198391811;cntl;1074;NA
-0.0208054777761504;cntl;1075;NA
-0.0110030924729472;cntl;1076;NA
-0.0149356239545;cntl;1077;NA
-0.0893898674021329;cntl;1078;NA
0.0369439965849665;cntl;1079;NA
0.177909330761281;cntl;1080;NA
-0.149084930743243;cntl;1081;NA
-0.0365073034564602;cntl;1082;NA
0.169010581852717;cntl;1083;NA
0.0566187546560855;cntl;1084;NA
-0.239774678859078;cntl;1085;NA
-0.115305341886142;cntl;1086;NA
-0.00509021279913213;cntl;1087;NA
-0.163432124930807;cntl;1088;NA
-0.157966327212932;cntl;1089;NA
-0.0417373828307177;cntl;1090;NA
-0.0868472307086563;cntl;1091;NA
-0.295068837904182;cntl;1092;NA
-0.122361891217338;cntl;1093;NA
-0.0271793125014028;cntl;1094;NA
-0.0881108164685998;cntl;1095;NA
-0.236005758373153;cntl;1096;NA
-0.161195409625179;cntl;1097;NA
-0.0935505775876777;cntl;1098;NA
-0.0860328893136284;cntl;1099;NA
5.56232851067762e-05;cntl;1100;NA
0.0884707152090414;cntl;1101;NA
0.0723271670007648;cntl;1102;NA
-0.142458010679434;cntl;1103;NA
-0.00766309665453946;cntl;1104;NA
0.0676640865683567;cntl;1105;NA
-0.131576400541348;cntl;1106;NA
0.0781273180522248;cntl;1107;NA
0.195933352758459;cntl;1108;NA
0.00639078716238828;cntl;1109;NA
0.133273368569917;cntl;1110;NA
0.172827075435123;cntl;1111;NA
0.0482124582723031;cntl;1112;NA
-0.0104137369900741;cntl;1113;NA
0.26238886153277;cntl;1114;NA
0.229157279239303;cntl;1115;NA
-0.139201009553574;cntl;1116;NA
-0.153899170957914;cntl;1117;NA
0.0743867594069911;cntl;1118;NA
-0.0406775304992379;cntl;1119;NA
-0.18263199760338;cntl;1120;NA
-0.0224337254337001;cntl;1121;NA
-0.0323252738135693;cntl;1122;NA
0.025950346117952;cntl;1123;NA
0.189628245321614;cntl;1124;NA
0.0501823931614922;cntl;1125;NA
-0.167410707552904;cntl;1126;NA
-0.115264475512618;cntl;1127;NA
0.0466459200187046;cntl;1128;NA
-0.153711013597729;cntl;1129;NA
-0.131588918378668;cntl;1130;NA
-0.188335232376346;cntl;1131;NA
-0.140708652463047;cntl;1132;NA
-0.102025226020885;cntl;1133;NA
-0.100228806792529;cntl;1134;NA
-0.0627132459159725;cntl;1135;NA
-0.0288914943621421;cntl;1136;NA
-0.0445730509754299;cntl;1137;NA
0.0771825900907288;cntl;1138;NA
0.127771612747608;cntl;1139;NA
-0.0641438313479057;cntl;1140;NA
-0.159833610325563;cntl;1141;NA
-0.0641046249977535;cntl;1142;NA
0.234628982209188;cntl;1143;NA
0.193929082562079;cntl;1144;NA
-0.22051608268572;cntl;1145;NA
-0.302074279892452;cntl;1146;NA
-0.196987359575644;cntl;1147;NA
0.0141021939265897;cntl;1148;NA
0.185208450411665;cntl;1149;NA
0.0918871436826976;cntl;1150;NA
0.136111364674377;cntl;1151;NA
0.243974889555659;cntl;1152;NA
0.183127484568615;cntl;1153;NA
-0.206714226733936;cntl;1154;NA
-0.0913579134171414;cntl;1155;NA
0.14019032898068;cntl;1156;NA
0.245056891724403;cntl;1157;NA
0.0118625341600591;cntl;1158;NA
-0.00143025328014801;cntl;1159;NA
0.0776420733749887;cntl;1160;NA
0.0293319808398564;cntl;1161;NA
-0.107191639267171;cntl;1162;NA
0.0731695624085091;cntl;1163;NA
0.0358239610079636;cntl;1164;NA
-0.219197970327627;cntl;1165;NA
-0.0393916768983331;cntl;1166;NA
-0.00933271227989962;cntl;1167;NA
-0.114547528461912;cntl;1168;NA
-0.0399547066347736;cntl;1169;NA
0.0304321711479361;cntl;1170;NA
0.0133205719063199;cntl;1171;NA
-0.0839867649348776;cntl;1172;NA
-0.035454115321329;cntl;1173;NA
0.269990074092391;cntl;1174;NA
0.225717601846668;cntl;1175;NA
-0.178683381865312;cntl;1176;NA
-0.185396732790139;cntl;1177;NA
-0.0926020235583564;cntl;1178;NA
0.0232511176480443;cntl;1179;NA
0.157310638193337;cntl;1180;NA
0.240915147204021;cntl;1181;NA
0.13713304268947;cntl;1182;NA
-0.0861082121078312;cntl;1183;NA
-0.134552864713839;cntl;1184;NA
-0.16816985634415;cntl;1185;NA
-0.108696219273156;cntl;1186;NA
-0.0151900565545589;cntl;1187;NA
0.169815021236388;cntl;1188;NA
0.134408293564661;cntl;1189;NA
-0.0282854970368476;cntl;1190;NA
-0.1166590447055;cntl;1191;NA
-0.0139283387271689;cntl;1192;NA
0.126236416095878;cntl;1193;NA
-0.0337879358067994;cntl;1194;NA
0.0114478740129016;cntl;1195;NA
0.0417854423156427;cntl;1196;NA
-0.0177367695170574;cntl;1197;NA
-0.0246976019748217;cntl;1198;NA
0.0388629666744578;cntl;1199;NA
0.0774601351930073;cntl;1200;NA
0.111880524096421;cntl;1201;NA
0.184808589692182;cntl;1202;NA
0.131497254581234;cntl;1203;NA
-0.142019918609151;cntl;1204;NA
0.0503970789440586;cntl;1205;NA
-0.0118386892622766;cntl;1206;NA
-0.00724781085000359;cntl;1207;NA
0.0993026539051698;cntl;1208;NA
0.046542129234922;cntl;1209;NA
-0.151232227986611;cntl;1210;NA
-0.249342449522089;cntl;1211;NA
0.0556625547369549;cntl;1212;NA
0.186060408972196;cntl;1213;NA
-0.0277671982465222;cntl;1214;NA
0.0759366612307417;cntl;1215;NA
0.00996594393950545;cntl;1216;NA
-0.26797650188314;cntl;1217;NA
-0.117261826641823;cntl;1218;NA
0.068941201762641;cntl;1219;NA
0.101028368656955;cntl;1220;NA
0.0587332290601807;cntl;1221;NA
-0.220251095108551;cntl;1222;NA
-0.258643955378773;cntl;1223;NA
-0.0412182856902632;cntl;1224;NA
-0.0178397607999727;cntl;1225;NA
0.0547780406648712;cntl;1226;NA
0.00463917303034123;cntl;1227;NA
-0.196188243778806;cntl;1228;NA
-0.0501973653398409;cntl;1229;NA
0.280169694829169;cntl;1230;NA
0.234526223242369;cntl;1231;NA
-0.28038221313642;cntl;1232;NA
-0.264142773314006;cntl;1233;NA
-0.0886454117811013;cntl;1234;NA
-0.0993980709430957;cntl;1235;NA
0.0159488729952386;cntl;1236;NA
0.171923351672888;cntl;1237;NA
0.0795013240559115;cntl;1238;NA
-0.0139652396242695;cntl;1239;NA
0.0367599172495261;cntl;1240;NA
-0.0566524519016411;cntl;1241;NA
-0.159294598109227;cntl;1242;NA
-0.0129485868501433;cntl;1243;NA
-0.0647544853126192;cntl;1244;NA
0.115329173599946;cntl;1245;NA
0.14957517884045;cntl;1246;NA
-0.11190447458506;cntl;1247;NA
-0.258181601326555;cntl;1248;NA
-0.121666725020987;cntl;1249;NA
-0.0208138791925876;cntl;1250;NA
0.0834546664486879;cntl;1251;NA
-0.00755177245366667;cntl;1252;NA
-0.000216754112727813;cntl;1253;NA
0.123197247484995;cntl;1254;NA
-0.205656943546728;cntl;1255;NA
-0.1867813440021;cntl;1256;NA
-0.0698329120531298;cntl;1257;NA
-0.0317539122584094;cntl;1258;NA
-0.0530733471650251;cntl;1259;NA
-0.0573327658238441;cntl;1260;NA
-0.0827042492592795;cntl;1261;NA
-0.22595864939575;cntl;1262;NA
-0.199580556669446;cntl;1263;NA
-0.20053389879115;cntl;1264;NA
-0.00528530313943065;cntl;1265;NA
0.139325921493821;cntl;1266;NA
0.108523350715245;cntl;1267;NA
0.221037314475211;cntl;1268;NA
0.216694233384828;cntl;1269;NA
-0.2979972877352;cntl;1270;NA
-0.317239041321614;cntl;1271;NA
0.0161007405807254;cntl;1272;NA
0.0834178696240429;cntl;1273;NA
-0.284926988797793;cntl;1274;NA
-0.17205557099544;cntl;1275;NA
-0.24901393806698;cntl;1276;NA
-0.208294943201906;cntl;1277;NA
-0.0802834733962072;cntl;1278;NA
0.0324689682493613;cntl;1279;NA
0.101591859157793;cntl;1280;NA
0.0389854666261726;cntl;1281;NA
-0.00548826933351165;cntl;1282;NA
-0.0388927177435789;cntl;1283;NA
-0.0175897001851695;cntl;1284;NA
0.0511634972859838;cntl;1285;NA
-0.0928098128588886;cntl;1286;NA
0.0348672393933498;cntl;1287;NA
0.0904908629422039;cntl;1288;NA
0.0585070090491513;cntl;1289;NA
-0.0768188755174606;cntl;1290;NA
0.176522050404117;cntl;1291;NA
0.102273059451647;cntl;1292;NA
0.126159487504651;cntl;1293;NA
0.219270375111705;cntl;1294;NA
0.109279085652247;cntl;1295;NA
-0.0598444738000694;cntl;1296;NA
-0.0504727767512918;cntl;1297;NA
-0.0368891995909166;cntl;1298;NA
-0.061842061488278;cntl;1299;NA
0.0216187248881852;cntl;1300;NA
-0.00632439038633947;cntl;1301;NA
-0.0176368767365602;cntl;1302;NA
0.160685640957865;cntl;1303;NA
-0.0542099758424683;cntl;1304;NA
-0.0148002081055552;cntl;1305;NA
0.0862585267413465;cntl;1306;NA
0.17833101142179;cntl;1307;NA
0.0848973989776596;cntl;1308;NA
-0.310889534334422;cntl;1309;NA
-0.221210635406862;cntl;1310;NA
-0.197081024661315;cntl;1311;NA
0.00806341359901808;cntl;1312;NA
0.0590645965532417;cntl;1313;NA
-0.034418769421336;cntl;1314;NA
-0.00523065341570828;cntl;1315;NA
-0.14133920397677;cntl;1316;NA
0.0221997751335152;cntl;1317;NA
0.0525898876393853;cntl;1318;NA
-0.148222106030403;cntl;1319;NA
-0.185419665422501;cntl;1320;NA
0.0336243200385979;cntl;1321;NA
0.00191868437167386;cntl;1322;NA
0.10169064399679;cntl;1323;NA
0.189208264609533;cntl;1324;NA
-0.111808223558796;cntl;1325;NA
-0.170439927208008;cntl;1326;NA
-0.152965579436341;cntl;1327;NA
-0.0968536323733247;cntl;1328;NA
0.0147388527018393;cntl;1329;NA
0.0152742593987796;cntl;1330;NA
-0.0286942310584664;cntl;1331;NA
-0.275556999858964;cntl;1332;NA
-0.154053670946723;cntl;1333;NA
0.0927183615268632;cntl;1334;NA
-0.0949589913313389;cntl;1335;NA
-0.315065162748397;cntl;1336;NA
-0.0904926829879855;cntl;1337;NA
-0.0723610161704755;cntl;1338;NA
-0.0539818448474989;cntl;1339;NA
-0.125509358282386;cntl;1340;NA
-0.0802272291438157;cntl;1341;NA
-0.184865713516558;cntl;1342;NA
-0.148891519606082;cntl;1343;NA
-0.112180961769354;cntl;1344;NA
0.0464624350781264;cntl;1345;NA
-0.134834845200487;cntl;1346;NA
-0.172484585145639;cntl;1347;NA
0.0282780741728743;cntl;1348;NA
0.126104487546741;cntl;1349;NA
-0.189109753464606;cntl;1350;NA
-0.280105941755266;cntl;1351;NA
-0.168337041506845;cntl;1352;NA
-0.0798461042369354;cntl;1353;NA
0.0141333720046646;cntl;1354;NA
0.0257875738753341;cntl;1355;NA
0.0967331200932335;cntl;1356;NA
-0.227749061428881;cntl;1357;NA
-0.248663146352158;cntl;1358;NA
-0.173414673049649;cntl;1359;NA
0.00933071326312529;cntl;1360;NA
-0.0541003792300216;cntl;1361;NA
0.118085025408277;cntl;1362;NA
0.00236363890633129;cntl;1363;NA
-0.0065707050337096;cntl;1364;NA
0.000493018531074085;cntl;1365;NA
0.0251521389365621;cntl;1366;NA
0.149610848536099;cntl;1367;NA
0.312234511010956;cntl;1368;NA
0.351932204665502;cntl;1369;NA
-0.0716899601798104;cntl;1370;NA
-0.159024799171505;cntl;1371;NA
0.0739549021730568;cntl;1372;NA
0.321111134217801;cntl;1373;NA
0.0704542505530412;cntl;1374;NA
-0.192172451175566;cntl;1375;NA
0.00142173476899643;cntl;1376;NA
0.0618313365798713;cntl;1377;NA
-0.112569029176655;cntl;1378;NA
-0.00593420948280254;cntl;1379;NA
0.0532067066529294;cntl;1380;NA
-0.0907544390143471;cntl;1381;NA
-0.0250683544227286;cntl;1382;NA
0.256735505704285;cntl;1383;NA
0.334942588799436;cntl;1384;NA
-0.0436612825704401;cntl;1385;NA
-0.115442796429818;cntl;1386;NA
0.0404443738506757;cntl;1387;NA
0.251752468580719;cntl;1388;NA
0.303370771647508;cntl;1389;NA
0.0116466402204196;cntl;1390;NA
-0.092132002940275;cntl;1391;NA
0.0523410781300413;cntl;1392;NA
0.257150640061184;cntl;1393;NA
0.435578543230633;cntl;1394;NA
0.1096220167301;cntl;1395;NA
-0.0912530042696744;cntl;1396;NA
-0.0589938478020144;cntl;1397;NA
-0.123881668121612;cntl;1398;NA
0.0106076625185096;cntl;1399;NA
-0.00160315895141139;cntl;1400;NA
-0.0956586895206328;cntl;1401;NA
0.147363182982929;cntl;1402;NA
0.130166115106363;cntl;1403;NA
-0.271977814481886;cntl;1404;NA
-0.210462696479055;cntl;1405;NA
-0.198839637514027;cntl;1406;NA
0.044033773533954;cntl;1407;NA
0.274112109438988;cntl;1408;NA
0.279408597732015;cntl;1409;NA
0.245407704781144;cntl;1410;NA
0.333605526869519;cntl;1411;NA
0.314952433767928;cntl;1412;NA
0.11530520799414;cntl;1413;NA
0.19346469461334;cntl;1414;NA
0.156894058894125;cntl;1415;NA
0.140989319481491;cntl;1416;NA
0.130251968628386;cntl;1417;NA
0.0461595582111158;cntl;1418;NA
-0.00530774180697335;cntl;1419;NA
-0.100983913612481;cntl;1420;NA
0.0663830948226405;cntl;1421;NA
0.105802068440767;cntl;1422;NA
0.0194094968935588;cntl;1423;NA
0.0423530872908486;cntl;1424;NA
-0.0668935334776393;cntl;1425;NA
-0.220485701916402;cntl;1426;NA
0.021045573588367;cntl;1427;NA
0.125317622037585;cntl;1428;NA
-0.227827389326421;cntl;1429;NA
-0.33660772081447;cntl;1430;NA
-0.271504190913106;cntl;1431;NA
0.000582500863174573;cntl;1432;NA
0.161163583817938;cntl;1433;NA
0.275943524796787;cntl;1434;NA
-0.199421109216246;cntl;1435;NA
-0.243957300994452;cntl;1436;NA
0.0634394794301443;cntl;1437;NA
0.254672617322285;cntl;1438;NA
-0.188448955220849;cntl;1439;NA
-0.205770873879771;cntl;1440;NA
-0.0919226388784296;cntl;1441;NA
-0.00485282957481559;cntl;1442;NA
0.243670615194901;cntl;1443;NA
0.186557537187412;cntl;1444;NA
-0.202977241596045;cntl;1445;NA
-0.150240499721463;cntl;1446;NA
0.153272922303074;cntl;1447;NA
0.242257879932083;cntl;1448;NA
-0.00592856224488969;cntl;1449;NA
-0.188985121212795;cntl;1450;NA
0.0466256099192037;cntl;1451;NA
0.161783254102488;cntl;1452;NA
0.15904240575685;cntl;1453;NA
-0.0976879993222042;cntl;1454;NA
-0.123101365600405;cntl;1455;NA
0.101254627841342;cntl;1456;NA
0.0178057597528891;cntl;1457;NA
-0.206908837733408;cntl;1458;NA
-0.238871171654864;cntl;1459;NA
-0.0385845932129314;cntl;1460;NA
0.0625040075464653;cntl;1461;NA
-0.021960007320672;cntl;1462;NA
-0.078438157328776;cntl;1463;NA
0.105345714850046;cntl;1464;NA
0.106863849807837;cntl;1465;NA
0.0971476649366991;cntl;1466;NA
0.094552369367193;cntl;1467;NA
-0.0756253346766584;cntl;1468;NA
0.0252612100401848;cntl;1469;NA
0.0787143361466747;cntl;1470;NA
-0.0506195443364277;cntl;1471;NA
-0.0841175186949386;cntl;1472;NA
0.248891312646151;cntl;1473;NA
0.173624419335283;cntl;1474;NA
-0.186870975529075;cntl;1475;NA
-0.332091620180734;cntl;1476;NA
-0.271262764622236;cntl;1477;NA
-0.114834624928847;cntl;1478;NA
0.0296297080769818;cntl;1479;NA
0.213410504745298;cntl;1480;NA
0.121301262189604;cntl;1481;NA
0.359560128252213;cntl;1482;NA
0.280880611757027;cntl;1483;NA
-0.167775976475923;cntl;1484;NA
-0.300837838072084;cntl;1485;NA
-0.313388689130932;cntl;1486;NA
-0.0296012441764901;cntl;1487;NA
0.222828271898663;cntl;1488;NA
0.0726274434575203;cntl;1489;NA
0.088792623466702;cntl;1490;NA
0.193353221275231;cntl;1491;NA
0.231230895489716;cntl;1492;NA
-0.0916424302209862;cntl;1493;NA
-0.115983887517245;cntl;1494;NA
0.0463382687693752;cntl;1495;NA
0.17845328391769;cntl;1496;NA
0.242285514303944;cntl;1497;NA
-0.085786073618749;cntl;1498;NA
0.0296708359070408;cntl;1499;NA
0.0210165287938935;cntl;1500;NA
-0.0776032007408958;cntl;1501;NA
-0.0372470590593821;cntl;1502;NA
0.136282137031287;cntl;1503;NA
-0.0970483647775495;cntl;1504;NA
-0.0748446041092166;cntl;1505;NA
0.0417796163868047;cntl;1506;NA
0.190007076981374;cntl;1507;NA
0.126781771677656;cntl;1508;NA
-0.0780916147359676;cntl;1509;NA
0.014341692273149;cntl;1510;NA
0.0573584463044199;cntl;1511;NA
-0.0368317669659746;cntl;1512;NA
0.0298829195461394;cntl;1513;NA
0.0367391214993518;cntl;1514;NA
-0.0958696478912202;cntl;1515;NA
-0.0262845797496993;cntl;1516;NA
0.0873475487689461;cntl;1517;NA
0.128122646601526;cntl;1518;NA
0.2411740735443;cntl;1519;NA
0.147485494177261;cntl;1520;NA
-0.15655061749186;cntl;1521;NA
0.0266862794319991;cntl;1522;NA
0.205606339180406;cntl;1523;NA
0.101435610855503;cntl;1524;NA
0.0939733620410266;cntl;1525;NA
0.107255235288164;cntl;1526;NA
0.0673533980132106;cntl;1527;NA
-0.0547727022833442;cntl;1528;NA
-0.196702532625864;cntl;1529;NA
-0.131264462481113;cntl;1530;NA
-0.0541788045628095;cntl;1531;NA
0.100350294849136;cntl;1532;NA
0.197288727418368;cntl;1533;NA
-0.0919205068845486;cntl;1534;NA
0.0717885834397975;cntl;1535;NA
0.154915048525481;cntl;1536;NA
-0.0481163815870786;cntl;1537;NA
-0.0357879539703845;cntl;1538;NA
-0.093322318924038;cntl;1539;NA
0.0182286668000415;cntl;1540;NA
-0.0534228864564739;cntl;1541;NA
-0.0337721946430634;cntl;1542;NA
0.0856858692783362;cntl;1543;NA
0.311320159284776;cntl;1544;NA
0.0541044665966979;cntl;1545;NA
-0.0861049517174592;cntl;1546;NA
0.147042147665445;cntl;1547;NA
0.184086188973595;cntl;1548;NA
0.317355646381316;cntl;1549;NA
0.290064336594696;cntl;1550;NA
-0.151173544901098;cntl;1551;NA
-0.241586952540501;cntl;1552;NA
-0.0689041576197269;cntl;1553;NA
0.147936938024372;cntl;1554;NA
0.12388116467082;cntl;1555;NA
0.00375543228659581;cntl;1556;NA
-0.114481769300198;cntl;1557;NA
-0.0566341241311648;cntl;1558;NA
0.108148197153469;cntl;1559;NA
-0.0332107252029914;cntl;1560;NA
-0.0144791248283695;cntl;1561;NA
-0.0726847477171191;cntl;1562;NA
-0.0766057599283272;cntl;1563;NA
0.072593419194277;cntl;1564;NA
0.309522712222588;cntl;1565;NA
0.266456406874511;cntl;1566;NA
-0.122135733502489;cntl;1567;NA
0.00517686072839751;cntl;1568;NA
0.282059409126703;cntl;1569;NA
0.235714342319568;cntl;1570;NA
-0.110709067043217;cntl;1571;NA
-0.113631861612873;cntl;1572;NA
0.00428784499399626;cntl;1573;NA
-0.0149740526281903;cntl;1574;NA
-0.0392277035230677;cntl;1575;NA
-0.0552165341617865;cntl;1576;NA
-0.0222163429597799;cntl;1577;NA
-0.10721381278438;cntl;1578;NA
0.0411220751888095;cntl;1579;NA
0.0529744456308663;cntl;1580;NA
0.000797909608593272;cntl;1581;NA
0.0731179239595008;cntl;1582;NA
0.100256360433093;cntl;1583;NA
-0.196776234134234;cntl;1584;NA
-0.252943320105373;cntl;1585;NA
-0.127561755869124;cntl;1586;NA
0.0024163344438648;cntl;1587;NA
0.0109316450948995;cntl;1588;NA
0.146525496735251;cntl;1589;NA
0.42135009985725;cntl;1590;NA
0.0433684110647619;cntl;1591;NA
-0.21030835050334;cntl;1592;NA
-0.0265637567445651;cntl;1593;NA
-0.0234306569536216;cntl;1594;NA
-0.14912211929186;cntl;1595;NA
0.0172368479635452;cntl;1596;NA
0.115552959201693;cntl;1597;NA
-0.114864493196023;cntl;1598;NA
0.120039097942197;cntl;1599;NA
0.0965631448934801;cntl;1600;NA
-0.303424980903628;cntl;1601;NA
-0.31891082448692;cntl;1602;NA
-0.127495872027851;cntl;1603;NA
0.0390977822742116;cntl;1604;NA
-0.0412733465935275;cntl;1605;NA
0.09390263493151;cntl;1606;NA
0.138085442107297;cntl;1607;NA
0.171000565754809;cntl;1608;NA
0.0326979777307201;cntl;1609;NA
0.156405295679633;cntl;1610;NA
0.0611183971577702;cntl;1611;NA
-0.165272116732524;cntl;1612;NA
-0.146668983822849;cntl;1613;NA
0.0545312116794889;cntl;1614;NA
0.137952339019648;cntl;1615;NA
-0.27580030256189;cntl;1616;NA
-0.156928178389819;cntl;1617;NA
-0.0980666605223632;cntl;1618;NA
-0.0427093903002742;cntl;1619;NA
-0.0723739575942659;cntl;1620;NA
0.144803695828955;cntl;1621;NA
0.240053766355345;cntl;1622;NA
-0.180270044767497;cntl;1623;NA
-0.189514434248167;cntl;1624;NA
-0.180373016377587;cntl;1625;NA
0.0764434329230994;cntl;1626;NA
0.250036259164119;cntl;1627;NA
0.0932935439189464;cntl;1628;NA
-0.212683904200901;cntl;1629;NA
-0.133668493662924;cntl;1630;NA
-0.0341098967811604;cntl;1631;NA
-0.0867421114439253;cntl;1632;NA
0.155342714429935;cntl;1633;NA
0.301237079657028;cntl;1634;NA
0.0248972594821453;cntl;1635;NA
-0.00407452393210406;cntl;1636;NA
0.0155412265957011;cntl;1637;NA
-0.0914087200986842;cntl;1638;NA
0.146166274692519;cntl;1639;NA
0.233092727985365;cntl;1640;NA
0.0304279323797232;cntl;1641;NA
-0.191969939244927;cntl;1642;NA
-0.188797391017829;cntl;1643;NA
-0.0455278954002551;cntl;1644;NA
0.146739465357257;cntl;1645;NA
0.290745431142284;cntl;1646;NA
0.434831544149176;cntl;1647;NA
0.24855603406229;cntl;1648;NA
-0.19464442130743;cntl;1649;NA
-0.245965400720195;cntl;1650;NA
0.000342691091475444;cntl;1651;NA
0.0634520668600658;cntl;1652;NA
0.139134092490849;cntl;1653;NA
0.271815509569933;cntl;1654;NA
0.0146688584076742;cntl;1655;NA
0.0435893448802176;cntl;1656;NA
-0.0361808810459934;cntl;1657;NA
0.0387968913366876;cntl;1658;NA
0.224214876222163;cntl;1659;NA
0.176345785411513;cntl;1660;NA
-0.105725988309018;cntl;1661;NA
-0.201840570774777;cntl;1662;NA
-0.0132055934857931;cntl;1663;NA
-0.0837824562422043;cntl;1664;NA
0.0863739297960819;cntl;1665;NA
0.215791865182609;cntl;1666;NA
-0.3089727969558;cntl;1667;NA
-0.389913664675532;cntl;1668;NA
-0.0983250742901873;cntl;1669;NA
0.118079598768475;cntl;1670;NA
0.177902887734263;cntl;1671;NA
-0.00216427798551422;cntl;1672;NA
-0.0704684786295502;cntl;1673;NA
0.191469742280503;cntl;1674;NA
0.218516054146278;cntl;1675;NA
-0.134801219612996;cntl;1676;NA
-0.153015589693609;cntl;1677;NA
-0.0523417023217689;cntl;1678;NA
0.118256102567386;cntl;1679;NA
0.0602455689979706;cntl;1680;NA
0.021049535241275;cntl;1681;NA
-0.104895840654763;cntl;1682;NA
-0.289375909973046;cntl;1683;NA
-0.177488465516262;cntl;1684;NA
-0.197188533465976;cntl;1685;NA
-0.196246738797811;cntl;1686;NA
-0.215627576831025;cntl;1687;NA
-0.183342083730508;cntl;1688;NA
-0.200802442986003;cntl;1689;NA
-0.115920210965612;cntl;1690;NA
0.140636341456229;cntl;1691;NA
0.159089582392369;cntl;1692;NA
-0.191534096047178;cntl;1693;NA
-0.076128694040051;cntl;1694;NA
-0.120617021673183;cntl;1695;NA
-0.00554980658563409;cntl;1696;NA
0.0327133081775628;cntl;1697;NA
-0.169728801971587;cntl;1698;NA
-0.144073171120908;cntl;1699;NA
-0.0859372550510784;cntl;1700;NA
0.0950789561248939;cntl;1701;NA
-0.196284055808235;cntl;1702;NA
-0.144838273220728;cntl;1703;NA
-0.0603157110783172;cntl;1704;NA
-0.106938226761997;cntl;1705;NA
-0.076795981442956;cntl;1706;NA
-0.0715080966784285;cntl;1707;NA
0.0207313836367007;cntl;1708;NA
-0.0339607166434917;cntl;1709;NA
0.0431348812506371;cntl;1710;NA
-0.206931404288923;cntl;1711;NA
0.0400374860696502;cntl;1712;NA
0.32244296178493;cntl;1713;NA
-0.0816961805163032;cntl;1714;NA
-0.173276147902527;cntl;1715;NA
-0.0202495737344748;cntl;1716;NA
0.186424379216987;cntl;1717;NA
0.137309466914132;cntl;1718;NA
-0.022446088365939;cntl;1719;NA
-0.135887021243093;cntl;1720;NA
0.126568512924507;cntl;1721;NA
0.22841321044973;cntl;1722;NA
-0.15168546688659;cntl;1723;NA
-0.123420009756671;cntl;1724;NA
0.00869900312642358;cntl;1725;NA
0.0376354078056806;cntl;1726;NA
0.0501917120220128;cntl;1727;NA
0.0053831763063954;cntl;1728;NA
-0.0960042717790088;cntl;1729;NA
-0.0180413913382722;cntl;1730;NA
-0.0554382274207796;cntl;1731;NA
-0.0553890042864396;cntl;1732;NA
0.049596537375578;cntl;1733;NA
-0.0658245853385324;cntl;1734;NA
0.0950931059702498;cntl;1735;NA
-0.0103008543575811;cntl;1736;NA
-0.180925832651951;cntl;1737;NA
0.0119664112780242;cntl;1738;NA
0.153843659733582;cntl;1739;NA
-0.0145500356927641;cntl;1740;NA
-0.106873166599996;cntl;1741;NA
0.129637101608978;cntl;1742;NA
0.292835571411615;cntl;1743;NA
0.37994368082758;cntl;1744;NA
0.155504510673609;cntl;1745;NA
-0.0672024919405771;cntl;1746;NA
-0.273042360247814;cntl;1747;NA
-0.201277449327904;cntl;1748;NA
0.0345472886504581;cntl;1749;NA
-0.0306156988926318;cntl;1750;NA
0.159502676077636;cntl;1751;NA
0.0821539232338182;cntl;1752;NA
-0.108753365717462;cntl;1753;NA
0.0692544796722814;cntl;1754;NA
0.202548654626071;cntl;1755;NA
0.11235193119677;cntl;1756;NA
0.0590987575561144;cntl;1757;NA
0.112462047107158;cntl;1758;NA
0.0315940159112529;cntl;1759;NA
0.0121828066725698;cntl;1760;NA
-0.0204434038962518;cntl;1761;NA
0.166496467478964;cntl;1762;NA
0.130813896744257;cntl;1763;NA
-0.108953464748822;cntl;1764;NA
-0.243206404317789;cntl;1765;NA
-0.0754084001642923;cntl;1766;NA
0.0863984134733187;cntl;1767;NA
-0.106779227992774;cntl;1768;NA
-0.116768011317845;cntl;1769;NA
0.161784416047112;cntl;1770;NA
0.177128919112022;cntl;1771;NA
-0.177110903624168;cntl;1772;NA
-0.191973975972758;cntl;1773;NA
0.077244447037117;cntl;1774;NA
0.200390034807924;cntl;1775;NA
0.00219369539235004;cntl;1776;NA
-0.0852227346125574;cntl;1777;NA
-0.0311676982454969;cntl;1778;NA
0.068712698650927;cntl;1779;NA
0.0891233414570252;cntl;1780;NA
-0.197314144841982;cntl;1781;NA
0.0256603379199873;cntl;1782;NA
0.0979929722051338;cntl;1783;NA
0.262127115353962;cntl;1784;NA
0.193392361413714;cntl;1785;NA
-0.206787135009961;cntl;1786;NA
-0.253642908755864;cntl;1787;NA
-0.0454182174017319;cntl;1788;NA
0.19402850664369;cntl;1789;NA
0.0153494754346184;cntl;1790;NA
-0.243782661406669;cntl;1791;NA
-0.144383145972995;cntl;1792;NA
-0.0632663871417094;cntl;1793;NA
-0.149089975795334;cntl;1794;NA
0.0121507828790186;cntl;1795;NA
0.133645274978051;cntl;1796;NA
0.102772213588707;cntl;1797;NA
0.0735262715930389;cntl;1798;NA
0.254827410208577;cntl;1799;NA
0.0931293056706295;cntl;1800;NA
-0.191192186609783;cntl;1801;NA
-0.0672010769259259;cntl;1802;NA
0.204473309843138;cntl;1803;NA
0.0849432900305374;cntl;1804;NA
-0.0804005044474252;cntl;1805;NA
0.00896935829200629;cntl;1806;NA
0.187971352272484;cntl;1807;NA
-0.0261893467069285;cntl;1808;NA
-0.125299439399555;cntl;1809;NA
-0.0448589371641788;cntl;1810;NA
-0.164791495760255;cntl;1811;NA
-0.0949505223775873;cntl;1812;NA
0.0771773695593083;cntl;1813;NA
0.0907138702351062;cntl;1814;NA
-0.340853069291882;cntl;1815;NA
-0.259306414304376;cntl;1816;NA
-0.0799349074661109;cntl;1817;NA
-0.0889673285924459;cntl;1818;NA
-0.00750323177607015;cntl;1819;NA
0.209966357228495;cntl;1820;NA
-0.091842477693433;cntl;1821;NA
-0.148559715835177;cntl;1822;NA
0.0463178616494702;cntl;1823;NA
0.0389138916567049;cntl;1824;NA
0.0651550391380056;cntl;1825;NA
0.153266385179677;cntl;1826;NA
-0.0487231469572293;cntl;1827;NA
-0.0538221665842116;cntl;1828;NA
0.135437520334051;cntl;1829;NA
0.0775559214533246;cntl;1830;NA
-0.120155932510443;cntl;1831;NA
-0.107707690011239;cntl;1832;NA
0.260832151273576;cntl;1833;NA
0.236783950748645;cntl;1834;NA
-0.105302372992753;cntl;1835;NA
-0.0614635672498025;cntl;1836;NA
0.07300130080597;cntl;1837;NA
0.0449811167149505;cntl;1838;NA
-0.240063201855378;cntl;1839;NA
-0.162716921915091;cntl;1840;NA
0.111667295028724;cntl;1841;NA
0.180159620092752;cntl;1842;NA
0.115574690921846;cntl;1843;NA
0.0675834908345792;cntl;1844;NA
0.127476571008742;cntl;1845;NA
-0.0410972638007934;cntl;1846;NA
-0.151713470876246;cntl;1847;NA
-0.0831808700141892;cntl;1848;NA
-0.0724399698490856;cntl;1849;NA
-0.0879771568194201;cntl;1850;NA
-0.0851719950728693;cntl;1851;NA
0.016439731759192;cntl;1852;NA
0.081930956095448;cntl;1853;NA
-0.228735882525541;cntl;1854;NA
-0.164270522451943;cntl;1855;NA
-0.00450731191824616;cntl;1856;NA
0.12685985107845;cntl;1857;NA
0.0216824998278753;cntl;1858;NA
0.212073956294887;cntl;1859;NA
0.207877407914282;cntl;1860;NA
0.186403782465618;cntl;1861;NA
0.125703576396745;cntl;1862;NA
-0.0351575836642724;cntl;1863;NA
0.00545735139388626;cntl;1864;NA
0.0252497966906731;cntl;1865;NA
0.104126713703238;cntl;1866;NA
0.267818887048179;cntl;1867;NA
0.220473488027608;cntl;1868;NA
-0.236784789298895;cntl;1869;NA
-0.29277589198216;cntl;1870;NA
-0.0371162836725034;cntl;1871;NA
0.0370379426947807;cntl;1872;NA
-0.0543574448458912;cntl;1873;NA
0.00628895182484257;cntl;1874;NA
0.150872808040333;cntl;1875;NA
0.0648288014777449;cntl;1876;NA
-0.0651754572083405;cntl;1877;NA
0.0795436408768637;cntl;1878;NA
0.114266938072205;cntl;1879;NA
0.0327156606961694;cntl;1880;NA
0.0723269593216855;cntl;1881;NA
0.0955952832316029;cntl;1882;NA
0.105889693799725;cntl;1883;NA
0.101683041130627;cntl;1884;NA
0.081219161641684;cntl;1885;NA
0.218675475738451;cntl;1886;NA
0.0858319194308024;cntl;1887;NA
-0.138179771730051;cntl;1888;NA
-0.192431239679024;cntl;1889;NA
0.129072166687649;cntl;1890;NA
0.137817345030157;cntl;1891;NA
-0.0265553189111642;cntl;1892;NA
0.114464347302032;cntl;1893;NA
0.186680370749855;cntl;1894;NA
-0.112002016066072;cntl;1895;NA
-0.244243293467093;cntl;1896;NA
-0.199985819333676;cntl;1897;NA
0.0041344073468963;cntl;1898;NA
0.135561123339755;cntl;1899;NA
0.13249261710007;cntl;1900;NA
-0.0133662782038186;cntl;1901;NA
-0.023911964940055;cntl;1902;NA
0.123323015128278;cntl;1903;NA
0.106434448574589;cntl;1904;NA
-0.196824906709196;cntl;1905;NA
-0.243543723174753;cntl;1906;NA
0.036574104108297;cntl;1907;NA
0.00352497508725946;cntl;1908;NA
-0.101761230931345;cntl;1909;NA
0.163884542227436;cntl;1910;NA
0.160003236124794;cntl;1911;NA
0.0850076075578272;cntl;1912;NA
0.0037332830963237;cntl;1913;NA
0.196017499100606;cntl;1914;NA
0.311751665297606;cntl;1915;NA
0.081475336573817;cntl;1916;NA
-0.149628950236547;cntl;1917;NA
0.0236283822369501;cntl;1918;NA
0.252699575378585;cntl;1919;NA
0.119213399486796;cntl;1920;NA
-0.0518162912924254;cntl;1921;NA
-0.0264838181795426;cntl;1922;NA
0.118278907292506;cntl;1923;NA
0.0586136320766286;cntl;1924;NA
0.258325772125659;cntl;1925;NA
0.162881994826364;cntl;1926;NA
-0.0645595603811557;cntl;1927;NA
0.0923083849868362;cntl;1928;NA
0.22107069419593;cntl;1929;NA
0.231956041149715;cntl;1930;NA
-0.0147197179932164;cntl;1931;NA
-0.060578037730977;cntl;1932;NA
-0.0297576383089222;cntl;1933;NA
0.181159187064054;cntl;1934;NA
0.255049210154766;cntl;1935;NA
-0.124569552438174;cntl;1936;NA
-0.063506250289322;cntl;1937;NA
0.0498026943353693;cntl;1938;NA
0.154524904261791;cntl;1939;NA
-0.0852681922874012;cntl;1940;NA
-0.225557910581983;cntl;1941;NA
0.058594208120553;cntl;1942;NA
0.114387472166868;cntl;1943;NA
0.0611424159563967;cntl;1944;NA
-0.0118588352748361;cntl;1945;NA
0.0832668372323724;cntl;1946;NA
0.0760856710695634;cntl;1947;NA
-0.0121233486612482;cntl;1948;NA
0.223305567663544;cntl;1949;NA
0.157757769209809;cntl;1950;NA
-0.113721663371166;cntl;1951;NA
-0.207515227749866;cntl;1952;NA
-0.01416266059897;cntl;1953;NA
0.122083590575187;cntl;1954;NA
0.0323817517279394;cntl;1955;NA
-0.0244530692389162;cntl;1956;NA
0.0675872874879815;cntl;1957;NA
0.0212009181194617;cntl;1958;NA
-0.0575781662894883;cntl;1959;NA
-0.11432249789965;cntl;1960;NA
-0.129169001230423;cntl;1961;NA
0.095921536060132;cntl;1962;NA
0.209158456683213;cntl;1963;NA
0.0432895513877725;cntl;1964;NA
0.068310373081033;cntl;1965;NA
0.136015845694772;cntl;1966;NA
0.0161441666184032;cntl;1967;NA
-0.131309714702525;cntl;1968;NA
-0.168349144999922;cntl;1969;NA
0.156471838428388;cntl;1970;NA
0.287260319887082;cntl;1971;NA
0.00467421180997007;cntl;1972;NA
-0.0587699641237691;cntl;1973;NA
0.02889626105258;cntl;1974;NA
0.0565554122126173;cntl;1975;NA
0.0469148116575866;cntl;1976;NA
0.0181705726681116;cntl;1977;NA
0.0127521099422552;cntl;1978;NA
0.00555028509421618;cntl;1979;NA
0.0389519510018204;cntl;1980;NA
-0.0434822104871841;cntl;1981;NA
0.0773383107820678;cntl;1982;NA
0.133786577242518;cntl;1983;NA
0.0249398141422148;cntl;1984;NA
-0.0457021868136849;cntl;1985;NA
0.0237313875046539;cntl;1986;NA
0.166744774335825;cntl;1987;NA
0.0736506824416665;cntl;1988;NA
-0.0796360719537574;cntl;1989;NA
-0.0404015320833651;cntl;1990;NA
0.114758910133958;cntl;1991;NA
0.0626880282123921;cntl;1992;NA
0.127503739701069;cntl;1993;NA
0.0676709305354848;cntl;1994;NA
0.0133170501131303;cntl;1995;NA
0.23521581652318;cntl;1996;NA
0.153672538606656;cntl;1997;NA
-0.171120565271508;cntl;1998;NA
-0.275598782897077;cntl;1999;NA
-0.0692708789575249;cntl;2000;NA
0.110381813476977;cntl;2001;NA
0.0955142611705355;cntl;2002;NA
-0.0637318392163024;cntl;2003;NA
0.0423866855272195;cntl;2004;NA
0.0593527937624572;cntl;2005;NA
-0.133493425460131;cntl;2006;NA
-0.137045153839551;cntl;2007;NA
0.0187075914543016;cntl;2008;NA
0.17623791431879;cntl;2009;NA
0.0780582275222628;cntl;2010;NA
0.15688918358012;cntl;2011;NA
0.257742627592393;cntl;2012;NA
-0.0205462036237805;cntl;2013;NA
-0.00821047499545102;cntl;2014;NA
-0.0790342415120335;cntl;2015;NA
-0.132503164506602;cntl;2016;NA
-0.202934189008261;cntl;2017;NA
0.0236907161686872;cntl;2018;NA
0.00130525888835109;cntl;2019;NA
-0.348521578486896;cntl;2020;NA
-0.160909479911311;cntl;2021;NA
-0.0870959242707272;cntl;2022;NA
-0.0875273173023743;cntl;2023;NA
0.0124025237362844;cntl;2024;NA
0.080365511886896;cntl;2025;NA
0.222323268361549;cntl;2026;NA
0.0803475173864854;cntl;2027;NA
-0.167732986600583;cntl;2028;NA
-0.153985967313417;cntl;2029;NA
-0.0713642679986606;cntl;2030;NA
0.0792953948392778;cntl;2031;NA
0.0597393457332487;cntl;2032;NA
-0.109040168047727;cntl;2033;NA
0.0698377540761612;cntl;2034;NA
0.101234858154726;cntl;2035;NA
0.0527316728997675;cntl;2036;NA
0.173956941559481;cntl;2037;NA
0.187403318729253;cntl;2038;NA
0.180826167336818;cntl;2039;NA
0.0165528975038001;cntl;2040;NA
-0.0601644718370835;cntl;2041;NA
0.165287729666886;cntl;2042;NA
0.185763868702736;cntl;2043;NA
0.0759760380013859;cntl;2044;NA
0.00360052291648572;cntl;2045;NA
0.0941640150922467;cntl;2046;NA
0.148835696943536;cntl;2047;NA
-0.0266340553308737;cntl;2048;NA
-0.0785116546649647;cntl;2049;NA
0.0323729697847739;cntl;2050;NA
0.278366657465824;cntl;2051;NA
0.199863084072774;cntl;2052;NA
-0.0140170055404383;cntl;2053;NA
-0.107313765277752;cntl;2054;NA
0.0425396971083387;cntl;2055;NA
0.273675432294283;cntl;2056;NA
0.0462669892042982;cntl;2057;NA
0.115163778441115;cntl;2058;NA
0.214825305492639;cntl;2059;NA
0.159468665642066;cntl;2060;NA
0.0307604169618116;cntl;2061;NA
0.179746965101515;cntl;2062;NA
0.352138775019398;cntl;2063;NA
0.0144602308155868;cntl;2064;NA
0.115054712633992;cntl;2065;NA
0.0901509602654187;cntl;2066;NA
0.0765183800059503;cntl;2067;NA
0.0762535731601588;cntl;2068;NA
0.282391402284304;cntl;2069;NA
0.360970943123277;cntl;2070;NA
-0.128850245939304;cntl;2071;NA
-0.0204699048680368;cntl;2072;NA
0.130506689021161;cntl;2073;NA
0.251755437329848;cntl;2074;NA
0.202441530501346;cntl;2075;NA
0.035351623939107;cntl;2076;NA
0.00206197846017631;cntl;2077;NA
0.0246363095404263;cntl;2078;NA
-0.100690798282244;cntl;2079;NA
-0.0965046556354991;cntl;2080;NA
0.205159033681241;cntl;2081;NA
0.286591397438031;cntl;2082;NA
0.0900037987361202;cntl;2083;NA
0.265648556999736;cntl;2084;NA
0.128732883423936;cntl;2085;NA
-0.174302054702252;cntl;2086;NA
-0.0215171778195895;cntl;2087;NA
0.230054160552129;cntl;2088;NA
0.134940342923414;cntl;2089;NA
0.0329356144218309;cntl;2090;NA
-0.00169269232981151;cntl;2091;NA
-0.0102624799623072;cntl;2092;NA
0.0158983172540275;cntl;2093;NA
0.163348094568221;cntl;2094;NA
0.333665883082858;cntl;2095;NA
0.105759572496936;cntl;2096;NA
-0.0709465255018813;cntl;2097;NA
-0.108684238829994;cntl;2098;NA
-0.102407209933688;cntl;2099;NA
0.151758709067849;cntl;2100;NA
0.053755137940982;cntl;2101;NA
-0.283693076765644;cntl;2102;NA
-0.261709605595968;cntl;2103;NA
-0.144348185760975;cntl;2104;NA
-0.104732086897059;cntl;2105;NA
-0.119626360837799;cntl;2106;NA
-0.0732366137023632;cntl;2107;NA
0.135561293403725;cntl;2108;NA
0.0323363981234479;cntl;2109;NA
-0.271795179734625;cntl;2110;NA
-0.241018485172617;cntl;2111;NA
-0.158165284730444;cntl;2112;NA
-0.124452090114119;cntl;2113;NA
0.0318479418355082;cntl;2114;NA
0.165750735248935;cntl;2115;NA
0.013821151969978;cntl;2116;NA
-0.133742474507585;cntl;2117;NA
0.00480176443068103;cntl;2118;NA
0.102646571144874;cntl;2119;NA
0.216890667980635;cntl;2120;NA
0.246229841725892;cntl;2121;NA
0.00452681629718654;cntl;2122;NA
-0.120416269156124;cntl;2123;NA
0.0944181620473046;cntl;2124;NA
0.156088466871608;cntl;2125;NA
0.147108714563387;cntl;2126;NA
0.0666134820033903;cntl;2127;NA
-0.0274340456551272;cntl;2128;NA
0.313995484765371;cntl;2129;NA
0.267227828946375;cntl;2130;NA
-0.171343963624111;cntl;2131;NA
-0.235482700947102;cntl;2132;NA
-0.0430388131405834;cntl;2133;NA
-0.0662066896213673;cntl;2134;NA
-0.112212872104692;cntl;2135;NA
-0.111472679574206;cntl;2136;NA
-0.0508198124318824;cntl;2137;NA
0.0264340273635071;cntl;2138;NA
0.0942676187684697;cntl;2139;NA
0.178116129301998;cntl;2140;NA
0.179367705510572;cntl;2141;NA
0.0189269143356796;cntl;2142;NA
-0.166547527612408;cntl;2143;NA
-0.141990759069529;cntl;2144;NA
-0.0397792984967396;cntl;2145;NA
0.0857349674101897;cntl;2146;NA
-0.0578046881344676;cntl;2147;NA
-0.225298982091203;cntl;2148;NA
-0.185426114690699;cntl;2149;NA
-0.116509545043129;cntl;2150;NA
0.0363576399001317;cntl;2151;NA
0.161894113566689;cntl;2152;NA
-0.0652402975508153;cntl;2153;NA
0.0505501680618181;cntl;2154;NA
0.163663715369182;cntl;2155;NA
0.100347372574333;cntl;2156;NA
0.19989249076616;cntl;2157;NA
0.199396262148412;cntl;2158;NA
0.131423064685009;cntl;2159;NA
0.11128621324832;cntl;2160;NA
0.192642039591988;cntl;2161;NA
0.109376625029597;cntl;2162;NA
-0.184374458341779;cntl;2163;NA
-0.141564449212296;cntl;2164;NA
0.0360709714499876;cntl;2165;NA
0.145341486857433;cntl;2166;NA
0.104151401464094;cntl;2167;NA
0.203516971824683;cntl;2168;NA
0.235490737341308;cntl;2169;NA
0.107714816528812;cntl;2170;NA
0.292885252423048;cntl;2171;NA
0.233115213048563;cntl;2172;NA
-0.319395227093196;cntl;2173;NA
-0.342147518458546;cntl;2174;NA
-0.0928372315090087;cntl;2175;NA
0.0128205955160752;cntl;2176;NA
0.132744420249423;cntl;2177;NA
0.145425705649643;cntl;2178;NA
-0.0905089498764937;cntl;2179;NA
-0.0662105263163539;cntl;2180;NA
0.0141577732287033;cntl;2181;NA
0.0350582518348688;cntl;2182;NA
0.0911160807479519;cntl;2183;NA
-0.0546346751609121;cntl;2184;NA
-0.124653007579411;cntl;2185;NA
0.0907070876646117;cntl;2186;NA
0.0554968578337593;cntl;2187;NA
0.23653932902323;cntl;2188;NA
0.109594879104122;cntl;2189;NA
-0.115659188526138;cntl;2190;NA
0.093856116911752;cntl;2191;NA
0.188049894622338;cntl;2192;NA
0.141681160791677;cntl;2193;NA
0.132448733193996;cntl;2194;NA
0.257379301403716;cntl;2195;NA
0.253101212253398;cntl;2196;NA
0.0491826666243469;cntl;2197;NA
-0.113727151711316;cntl;2198;NA
-0.129989961122931;cntl;2199;NA
0.104347154249012;cntl;2200;NA
0.142420146366248;cntl;2201;NA
-0.142629052427196;cntl;2202;NA
-0.0209649994783376;cntl;2203;NA
0.192019593073667;cntl;2204;NA
0.150476796920771;cntl;2205;NA
0.00850154320471574;cntl;2206;NA
-0.0076703231893589;cntl;2207;NA
0.003686097610057;cntl;2208;NA
-0.0196936089597557;cntl;2209;NA
0.0743548065142363;cntl;2210;NA
0.235686251591346;cntl;2211;NA
0.188750573461846;cntl;2212;NA
-0.0899069520601188;cntl;2213;NA
-0.0964319623136589;cntl;2214;NA
0.0401820211049539;cntl;2215;NA
0.0668159800773651;cntl;2216;NA
0.175055138846687;cntl;2217;NA
0.0738568761847205;cntl;2218;NA
0.0417475045586002;cntl;2219;NA
-0.0271990170425624;cntl;2220;NA
0.0983630240538105;cntl;2221;NA
0.022138931846257;cntl;2222;NA
-0.00647459826342356;cntl;2223;NA
0.100335359762312;cntl;2224;NA
0.0901438708801265;cntl;2225;NA
0.21470398744151;cntl;2226;NA
0.0766948218301309;cntl;2227;NA
-0.115787363964841;cntl;2228;NA
0.0433521395137859;cntl;2229;NA
0.345900790622863;cntl;2230;NA
0.266959677169211;cntl;2231;NA
0.0987826867909689;cntl;2232;NA
0.00812173540953154;cntl;2233;NA
0.104116455480153;cntl;2234;NA
0.264375681835418;cntl;2235;NA
0.0358629051168577;cntl;2236;NA
-0.0728331184346871;cntl;2237;NA
-0.0294732344849535;cntl;2238;NA
0.0621078574048397;cntl;2239;NA
0.0868665399570432;cntl;2240;NA
0.217246367836083;cntl;2241;NA
0.369256824709339;cntl;2242;NA
0.16028578766003;cntl;2243;NA
-0.0484478499654983;cntl;2244;NA
0.0402657665875381;cntl;2245;NA
-0.0278428567043534;cntl;2246;NA
-0.0445677592663856;cntl;2247;NA
-0.0282085577845237;cntl;2248;NA
-0.0920570189417731;cntl;2249;NA
-0.24061332685136;cntl;2250;NA
-0.234613194730741;cntl;2251;NA
-0.149927835599556;cntl;2252;NA
0.0417923283586106;cntl;2253;NA
-0.060588756209313;cntl;2254;NA
-0.18696145231138;cntl;2255;NA
-0.263542456923972;cntl;2256;NA
-0.076627502038491;cntl;2257;NA
-0.105680119780459;cntl;2258;NA
-0.0999944543852962;cntl;2259;NA
-0.129020996872555;cntl;2260;NA
-0.0104561544563921;cntl;2261;NA
-0.0613820848683417;cntl;2262;NA
0.0600302531280477;cntl;2263;NA
0.0899423994964081;cntl;2264;NA
-0.236046407276604;cntl;2265;NA
-0.161355185447633;cntl;2266;NA
0.0691181825378067;cntl;2267;NA
0.157194106624104;cntl;2268;NA
-0.0115242497650456;cntl;2269;NA
0.0224035097010642;cntl;2270;NA
-0.00115832070684974;cntl;2271;NA
0.0647905100394723;cntl;2272;NA
0.299010821040554;cntl;2273;NA
0.082458771715153;cntl;2274;NA
-0.0726252528565396;cntl;2275;NA
0.0281878222484124;cntl;2276;NA
0.0733700897510516;cntl;2277;NA
0.0942583733693709;cntl;2278;NA
-0.00765697628872886;cntl;2279;NA
-0.0983837465842612;cntl;2280;NA
-0.0384145637072493;cntl;2281;NA
0.196623357635531;cntl;2282;NA
-0.0142002229094373;cntl;2283;NA
-0.0866759551158793;cntl;2284;NA
0.0939202654363953;cntl;2285;NA
0.201994570835836;cntl;2286;NA
0.0870126612512081;cntl;2287;NA
-0.0533478658950344;cntl;2288;NA
-0.0674585878469998;cntl;2289;NA
0.218187023637654;cntl;2290;NA
0.252610201188133;cntl;2291;NA
-0.260811712137183;cntl;2292;NA
-0.278207565789273;cntl;2293;NA
-0.165774941891812;cntl;2294;NA
0.22384364840849;cntl;2295;NA
0.15591838810451;cntl;2296;NA
-0.146518562950348;cntl;2297;NA
-0.27052468609304;cntl;2298;NA
-0.256389985386761;cntl;2299;NA
-0.167211821174647;cntl;2300;NA
-0.148373418881533;cntl;2301;NA
0.0997123430997249;cntl;2302;NA
0.237205325303876;cntl;2303;NA
0.036194842585985;cntl;2304;NA
-0.0185561265537331;cntl;2305;NA
0.101636041885513;cntl;2306;NA
0.302571484823375;cntl;2307;NA
0.239820941216124;cntl;2308;NA
-0.0395288622073053;cntl;2309;NA
-0.0638857044053793;cntl;2310;NA
-0.095131437299699;cntl;2311;NA
-0.0655412601300327;cntl;2312;NA
-0.0135250893878265;cntl;2313;NA
0.20361003040739;cntl;2314;NA
0.248769683622413;cntl;2315;NA
-0.0938485495961459;cntl;2316;NA
0.186575227117999;cntl;2317;NA
0.242598399772589;cntl;2318;NA
-0.0143743505364569;cntl;2319;NA
-0.0730554520798137;cntl;2320;NA
0.11803028744589;cntl;2321;NA
-0.0265195034432963;cntl;2322;NA
-0.000385751081012131;cntl;2323;NA
-0.0464390158921901;cntl;2324;NA
-0.09364455552236;cntl;2325;NA
0.000593073815991829;cntl;2326;NA
0.0483453570770962;cntl;2327;NA
-0.0914732624227099;cntl;2328;NA
0.130565535082553;cntl;2329;NA
0.213834434444834;cntl;2330;NA
-0.0246128846146689;cntl;2331;NA
0.102258725032755;cntl;2332;NA
0.113685457236215;cntl;2333;NA
0.102974941555601;cntl;2334;NA
-0.029506064499401;cntl;2335;NA
-0.126884270418486;cntl;2336;NA
0.0190725988464919;cntl;2337;NA
0.319779990255142;cntl;2338;NA
0.296338607077246;cntl;2339;NA
-0.080118299976732;cntl;2340;NA
-0.0889264160745711;cntl;2341;NA
0.110636197441181;cntl;2342;NA
-0.07312128248509;cntl;2343;NA
-0.184942386374928;cntl;2344;NA
-0.0668068253685874;cntl;2345;NA
0.175739446206592;cntl;2346;NA
0.0771160247132912;cntl;2347;NA
-0.0588333112273176;cntl;2348;NA
-0.155881467516167;cntl;2349;NA
-0.1956086447438;cntl;2350;NA
-0.0315728785780038;cntl;2351;NA
0.206932098337063;cntl;2352;NA
0.00626092625793717;cntl;2353;NA
-0.145432472090931;cntl;2354;NA
-0.155001349339614;cntl;2355;NA
-0.186933040775955;cntl;2356;NA
-0.0846646521382581;cntl;2357;NA
0.0302243072483179;cntl;2358;NA
-0.0652399437356621;cntl;2359;NA
0.199611974422623;cntl;2360;NA
0.135838588134447;cntl;2361;NA
-0.151504283028885;cntl;2362;NA
-0.1353296619817;cntl;2363;NA
0.0203367290027927;cntl;2364;NA
-0.0920658097475098;cntl;2365;NA
-0.0854765765197953;cntl;2366;NA
0.00479986057683846;cntl;2367;NA
0.136931321892234;cntl;2368;NA
0.0452128579821078;cntl;2369;NA
0.0578283861061664;cntl;2370;NA
0.0847500046112941;cntl;2371;NA
0.0774636249351488;cntl;2372;NA
0.128068623956665;cntl;2373;NA
-0.0492941081612344;cntl;2374;NA
-0.0227784734288434;cntl;2375;NA
0.0357790024190763;cntl;2376;NA
0.225443525451169;cntl;2377;NA
0.38812560771089;cntl;2378;NA
0.2372327862887;cntl;2379;NA
-0.133712695216104;cntl;2380;NA
-0.182224662962938;cntl;2381;NA
-0.00352026234168079;cntl;2382;NA
0.0631033687539002;cntl;2383;NA
-0.120448813232883;cntl;2384;NA
-0.123204833379361;cntl;2385;NA
-0.028751094412371;cntl;2386;NA
-0.0129308121685767;cntl;2387;NA
0.134815409941552;cntl;2388;NA
0.175387283769055;cntl;2389;NA
-0.146956313524697;cntl;2390;NA
-0.206052987136047;cntl;2391;NA
-0.151941580924188;cntl;2392;NA
0.0964892914888651;cntl;2393;NA
0.127900675676472;cntl;2394;NA
0.136513707776089;cntl;2395;NA
0.377341702969545;cntl;2396;NA
0.330636163983343;cntl;2397;NA
0.0389836647533457;cntl;2398;NA
-0.0563741783619776;cntl;2399;NA
-0.160209846177906;cntl;2400;NA
-0.053687476490154;cntl;2401;NA
-0.0269950717891447;cntl;2402;NA
0.069450012786092;cntl;2403;NA
0.213919759654004;cntl;2404;NA
0.171088368615699;cntl;2405;NA
-0.124298883254824;cntl;2406;NA
-0.02555882441726;cntl;2407;NA
0.0703537873545201;cntl;2408;NA
-0.0792662092645742;cntl;2409;NA
-0.0385402150615732;cntl;2410;NA
0.191751378867934;cntl;2411;NA
0.160272547911518;cntl;2412;NA
0.0978134158980879;cntl;2413;NA
0.0658606980962304;cntl;2414;NA
0.375645955208938;cntl;2415;NA
0.201709595128875;cntl;2416;NA
-0.0215240709495674;cntl;2417;NA
0.0901273961848119;cntl;2418;NA
0.0168459704638622;cntl;2419;NA
-0.0987909857907425;cntl;2420;NA
-0.0810386838823547;cntl;2421;NA
0.10241530437321;cntl;2422;NA
0.166139270985639;cntl;2423;NA
0.29606990552054;cntl;2424;NA
0.211445168175544;cntl;2425;NA
0.0131151020245284;cntl;2426;NA
0.162470191174748;cntl;2427;NA
0.278585992663693;cntl;2428;NA
-0.0223794127072665;cntl;2429;NA
-0.105342015611711;cntl;2430;NA
0.0609625664779401;cntl;2431;NA
0.109444234274463;cntl;2432;NA
0.118126602814868;cntl;2433;NA
0.103284069980759;cntl;2434;NA
0.164068408496576;cntl;2435;NA
-0.00347051828941858;cntl;2436;NA
0.0377718516817822;cntl;2437;NA
0.133224306103216;cntl;2438;NA
0.115569626233025;cntl;2439;NA
0.216707558653013;cntl;2440;NA
0.167028064333635;cntl;2441;NA
0.223827259483244;cntl;2442;NA
0.0268814545885903;cntl;2443;NA
-0.198001085119586;cntl;2444;NA
0.0734244727297551;cntl;2445;NA
0.220871489111971;cntl;2446;NA
0.152342639082065;cntl;2447;NA
0.0248710401858716;cntl;2448;NA
0.160803740728397;cntl;2449;NA
0.0247691159488568;cntl;2450;NA
-0.0831966580942662;cntl;2451;NA
0.0342686269571573;cntl;2452;NA
0.209112475684037;cntl;2453;NA
0.340045366804645;cntl;2454;NA
-0.0250469706917329;cntl;2455;NA
-0.0340782391123184;cntl;2456;NA
0.0321843600812031;cntl;2457;NA
0.13846376925818;cntl;2458;NA
0.14069830061112;cntl;2459;NA
0.0883242179408512;cntl;2460;NA
0.0315966263920586;cntl;2461;NA
0.0258970540871246;cntl;2462;NA
0.162768058610084;cntl;2463;NA
0.154964998365415;cntl;2464;NA
-0.0863515019901229;cntl;2465;NA
-0.12320899926226;cntl;2466;NA
0.0776307900433153;cntl;2467;NA
0.0074881620973315;cntl;2468;NA
-0.225341109536714;cntl;2469;NA
-0.0588276229839835;cntl;2470;NA
0.104611210166468;cntl;2471;NA
0.091930713051056;cntl;2472;NA
0.174501733987825;cntl;2473;NA
0.177176856343181;cntl;2474;NA
-0.169513905810163;cntl;2475;NA
-0.0484533597485779;cntl;2476;NA
-0.0255226742078207;cntl;2477;NA
-0.00948161466135389;cntl;2478;NA
0.087490921255494;cntl;2479;NA
-0.024124512557762;cntl;2480;NA
0.0264746419189237;cntl;2481;NA
0.0863166926907297;cntl;2482;NA
0.145064976503704;cntl;2483;NA
0.176074835082716;cntl;2484;NA
0.175619131689587;cntl;2485;NA
0.240848649095199;cntl;2486;NA
0.196106564578031;cntl;2487;NA
0.0483011771793258;cntl;2488;NA
0.25419347908786;cntl;2489;NA
0.366000988281826;cntl;2490;NA
-0.06739527699159;cntl;2491;NA
-0.191092524518751;cntl;2492;NA
-0.042879875686765;cntl;2493;NA
0.0781487652279225;cntl;2494;NA
-0.0207914581393993;cntl;2495;NA
-0.01379840061594;cntl;2496;NA
-0.0240302237962737;cntl;2497;NA
0.240793478387047;cntl;2498;NA
0.423729978867527;cntl;2499;NA
0.184446686426725;cntl;2500;NA
0.0121302623488191;1perCO2;1000;1000
0.101875119910801;1perCO2;1001;1000
0.025981148634628;1perCO2;1002;1000
0.00837069381816491;1perCO2;1003;1000
-0.0293172275460734;1perCO2;1004;1000
0.198614982962624;1perCO2;1005;1000
0.248176915603551;1perCO2;1006;1000
0.306559562246946;1perCO2;1007;1000
0.241838757203254;1perCO2;1008;1000
0.340037593742238;1perCO2;1009;1000
0.420357938455197;1perCO2;1010;1000
0.378683295127189;1perCO2;1011;1000
0.328818227376757;1perCO2;1012;1000
0.203042105168265;1perCO2;1013;1000
0.260163381191148;1perCO2;1014;1000
0.263126093749747;1perCO2;1015;1000
0.413701085234209;1perCO2;1016;1000
0.685642728856976;1perCO2;1017;1000
0.539397989911663;1perCO2;1018;1000
0.201367786780281;1perCO2;1019;1000
0.236933531540387;1perCO2;1020;1000
0.53670108095082;1perCO2;1021;1000
0.69212140057391;1perCO2;1022;1000
0.661670897792874;1perCO2;1023;1000
0.604993728772683;1perCO2;1024;1000
0.740558435716878;1perCO2;1025;1000
0.795827931344604;1perCO2;1026;1000
0.694895399298503;1perCO2;1027;1000
0.721938499004466;1perCO2;1028;1000
0.854971355672205;1perCO2;1029;1000
1.07965865300747;1perCO2;1030;1000
0.808824916314393;1perCO2;1031;1000
0.709648913018157;1perCO2;1032;1000
0.637515856625612;1perCO2;1033;1000
0.911285656131611;1perCO2;1034;1000
1.08630786875671;1perCO2;1035;1000
1.07978359951943;1perCO2;1036;1000
1.06459812047609;1perCO2;1037;1000
1.03421956004951;1perCO2;1038;1000
1.02264629473854;1perCO2;1039;1000
0.96511123604887;1perCO2;1040;1000
1.21582863941546;1perCO2;1041;1000
1.44473606571188;1perCO2;1042;1000
1.14626832386682;1perCO2;1043;1000
1.06602182995249;1perCO2;1044;1000
1.25905875549324;1perCO2;1045;1000
1.55773085442411;1perCO2;1046;1000
1.54481633605621;1perCO2;1047;1000
1.38105544344023;1perCO2;1048;1000
1.38660801569978;1perCO2;1049;1000
1.45913042609612;1perCO2;1050;1000
1.52934892700443;1perCO2;1051;1000
1.53228531177257;1perCO2;1052;1000
1.657590446749;1perCO2;1053;1000
1.71877558261133;1perCO2;1054;1000
1.63489488356822;1perCO2;1055;1000
1.59375223219212;1perCO2;1056;1000
1.63580960281496;1perCO2;1057;1000
1.83735797819071;1perCO2;1058;1000
1.86766122703563;1perCO2;1059;1000
1.74355985792687;1perCO2;1060;1000
1.85364328165491;1perCO2;1061;1000
1.91593261090452;1perCO2;1062;1000
1.62197667174075;1perCO2;1063;1000
1.91596501058882;1perCO2;1064;1000
2.20877972385927;1perCO2;1065;1000
2.18739252931118;1perCO2;1066;1000
1.83320381838274;1perCO2;1067;1000
1.75191751623515;1perCO2;1068;1000
2.01760576140418;1perCO2;1069;1000
2.06778844708737;1perCO2;1070;1000
2.19107904645728;1perCO2;1071;1000
2.3930275992015;1perCO2;1072;1000
2.20253439099633;1perCO2;1073;1000
2.35158512820976;1perCO2;1074;1000
2.36516372178625;1perCO2;1075;1000
2.01726562388836;1perCO2;1076;1000
2.13677287372792;1perCO2;1077;1000
2.36228208829795;1perCO2;1078;1000
2.58438514925672;1perCO2;1079;1000
2.41713407389983;1perCO2;1080;1000
2.31300335109307;1perCO2;1081;1000
2.63986661814715;1perCO2;1082;1000
2.89239685343136;1perCO2;1083;1000
2.60511484186077;1perCO2;1084;1000
2.56016316728324;1perCO2;1085;1000
2.67590576149689;1perCO2;1086;1000
2.9037880561732;1perCO2;1087;1000
2.80865196184658;1perCO2;1088;1000
2.5781908182426;1perCO2;1089;1000
2.64065070107171;1perCO2;1090;1000
2.93724249402709;1perCO2;1091;1000
3.02182343944071;1perCO2;1092;1000
2.8275949883959;1perCO2;1093;1000
2.93255288044816;1perCO2;1094;1000
3.10863369211921;1perCO2;1095;1000
3.27535273372905;1perCO2;1096;1000
3.18676182011075;1perCO2;1097;1000
3.18911526301815;1perCO2;1098;1000
3.42347556860813;1perCO2;1099;1000
3.22235521713958;1perCO2;1100;1000
3.19121455398056;1perCO2;1101;1000
3.32317414294141;1perCO2;1102;1000
3.33940106495521;1perCO2;1103;1000
3.40419924695732;1perCO2;1104;1000
3.39470209109015;1perCO2;1105;1000
3.41906957797369;1perCO2;1106;1000
3.34782418431701;1perCO2;1107;1000
3.41063784676584;1perCO2;1108;1000
3.70453660129311;1perCO2;1109;1000
3.78564195181349;1perCO2;1110;1000
3.4770584134094;1perCO2;1111;1000
3.56398090421817;1perCO2;1112;1000
3.77308518155098;1perCO2;1113;1000
3.80215160157735;1perCO2;1114;1000
3.57035556118086;1perCO2;1115;1000
3.77668097281889;1perCO2;1116;1000
4.04995710199427;1perCO2;1117;1000
4.11337138783466;1perCO2;1118;1000
3.87548009032275;1perCO2;1119;1000
3.77779220795844;1perCO2;1120;1000
3.94653384298306;1perCO2;1121;1000
4.19124991043742;1perCO2;1122;1000
4.09814882038052;1perCO2;1123;1000
4.00826168313858;1perCO2;1124;1000
4.14784548310541;1perCO2;1125;1000
4.49061990814329;1perCO2;1126;1000
4.34071108168729;1perCO2;1127;1000
4.28512511387311;1perCO2;1128;1000
4.43513107999678;1perCO2;1129;1000
4.68068753123515;1perCO2;1130;1000
4.62807258120529;1perCO2;1131;1000
4.32676627704006;1perCO2;1132;1000
4.42252230641145;1perCO2;1133;1000
4.65532690532683;1perCO2;1134;1000
4.73097447844577;1perCO2;1135;1000
4.59617692511921;1perCO2;1136;1000
4.36783774279604;1perCO2;1137;1000
4.57624630577754;1perCO2;1138;1000
4.99542652605373;1perCO2;1139;1000
5.03608860792912;1perCO2;1140;1000
0.000787489039112188;1perCO2;1100;1100
0.180566801445593;1perCO2;1101;1100
0.210261627689249;1perCO2;1102;1100
0.0923841130468759;1perCO2;1103;1100
-0.222666432844733;1perCO2;1104;1100
-0.191611786295937;1perCO2;1105;1100
-0.0718077737454905;1perCO2;1106;1100
0.124237182846741;1perCO2;1107;1100
0.166088030937203;1perCO2;1108;1100
-0.170595118247661;1perCO2;1109;1100
-0.162757496025449;1perCO2;1110;1100
0.0727539383149747;1perCO2;1111;1100
0.0901356602156511;1perCO2;1112;1100
0.100281855627941;1perCO2;1113;1100
0.265438583827859;1perCO2;1114;1100
0.455372383895053;1perCO2;1115;1100
0.460884750110779;1perCO2;1116;1100
0.281722039418469;1perCO2;1117;1100
0.383665752641093;1perCO2;1118;1100
0.508426192215836;1perCO2;1119;1100
0.381595589067217;1perCO2;1120;1100
0.287780619615035;1perCO2;1121;1100
0.269781570389455;1perCO2;1122;1100
0.390706729622423;1perCO2;1123;1100
0.520505771768399;1perCO2;1124;1100
0.458059844403749;1perCO2;1125;1100
0.379589006807464;1perCO2;1126;1100
0.480180889667849;1perCO2;1127;1100
0.857454340305367;1perCO2;1128;1100
0.926691588953759;1perCO2;1129;1100
0.614941901538259;1perCO2;1130;1100
0.553962546491846;1perCO2;1131;1100
0.807171800419269;1perCO2;1132;1100
0.967576563447039;1perCO2;1133;1100
0.79588263526631;1perCO2;1134;1100
0.924877902045296;1perCO2;1135;1100
1.01918088713052;1perCO2;1136;1100
0.988693068443638;1perCO2;1137;1100
0.943589718310307;1perCO2;1138;1100
1.08536203990656;1perCO2;1139;1100
1.22681026539419;1perCO2;1140;1100
1.1027353994125;1perCO2;1141;1100
1.34704745201117;1perCO2;1142;1100
1.40173831923329;1perCO2;1143;1100
1.08683329850618;1perCO2;1144;1100
0.985939820857311;1perCO2;1145;1100
1.00041450211961;1perCO2;1146;1100
1.08979389433608;1perCO2;1147;1100
1.22196639198165;1perCO2;1148;1100
1.63725887070257;1perCO2;1149;1100
1.58913691455285;1perCO2;1150;1100
1.17123188779948;1perCO2;1151;1100
1.22857171963238;1perCO2;1152;1100
1.42481969012414;1perCO2;1153;1100
1.74310077454936;1perCO2;1154;1100
1.78733810728232;1perCO2;1155;1100
1.50896897122811;1perCO2;1156;1100
1.52335552363343;1perCO2;1157;1100
1.66305546805012;1perCO2;1158;1100
1.69687048325892;1perCO2;1159;1100
1.73936360692204;1perCO2;1160;1100
1.92405908803084;1perCO2;1161;1100
2.06622337367833;1perCO2;1162;1100
1.88422477648322;1perCO2;1163;1100
1.977584952494;1perCO2;1164;1100
2.11130532463744;1perCO2;1165;1100
2.09791372695003;1perCO2;1166;1100
1.86332921188875;1perCO2;1167;1100
1.89837310677473;1perCO2;1168;1100
2.26572909399346;1perCO2;1169;1100
2.3542608113089;1perCO2;1170;1100
2.24971662733378;1perCO2;1171;1100
2.17358508491253;1perCO2;1172;1100
2.36101434401422;1perCO2;1173;1100
2.45146855350748;1perCO2;1174;1100
2.28949277496127;1perCO2;1175;1100
2.34340588439034;1perCO2;1176;1100
2.65092343562918;1perCO2;1177;1100
2.6627207975892;1perCO2;1178;1100
2.45668352942982;1perCO2;1179;1100
2.62557391816551;1perCO2;1180;1100
2.67234603516812;1perCO2;1181;1100
2.40121310336008;1perCO2;1182;1100
2.41617247470333;1perCO2;1183;1100
2.89979144862383;1perCO2;1184;1100
2.98137223026015;1perCO2;1185;1100
2.72963419826112;1perCO2;1186;1100
2.6096236896384;1perCO2;1187;1100
2.86857427259139;1perCO2;1188;1100
3.10751378306281;1perCO2;1189;1100
2.98613243110748;1perCO2;1190;1100
2.71763420548433;1perCO2;1191;1100
2.82681087424925;1perCO2;1192;1100
3.16895626260913;1perCO2;1193;1100
3.23922843963715;1perCO2;1194;1100
3.08631957662743;1perCO2;1195;1100
3.05966570579091;1perCO2;1196;1100
3.2447889994346;1perCO2;1197;1100
3.28579928806954;1perCO2;1198;1100
3.10219290563487;1perCO2;1199;1100
3.06747333584866;1perCO2;1200;1100
3.40984338342048;1perCO2;1201;1100
3.57795918622804;1perCO2;1202;1100
3.24986574593663;1perCO2;1203;1100
3.15440774231416;1perCO2;1204;1100
3.46834007208793;1perCO2;1205;1100
3.73136816169227;1perCO2;1206;1100
3.46528515447761;1perCO2;1207;1100
3.42054982070101;1perCO2;1208;1100
3.57613078675513;1perCO2;1209;1100
3.55036366067725;1perCO2;1210;1100
3.60988717280458;1perCO2;1211;1100
3.67617469870993;1perCO2;1212;1100
3.7828973875595;1perCO2;1213;1100
3.60554706941974;1perCO2;1214;1100
3.81770740368063;1perCO2;1215;1100
4.01214992197714;1perCO2;1216;1100
4.11308614100739;1perCO2;1217;1100
3.91131537204313;1perCO2;1218;1100
3.81233551851358;1perCO2;1219;1100
4.04865951948557;1perCO2;1220;1100
4.21325750386171;1perCO2;1221;1100
3.97983616359198;1perCO2;1222;1100
3.94058286945631;1perCO2;1223;1100
4.32232113933378;1perCO2;1224;1100
4.4275481591726;1perCO2;1225;1100
4.09458574161306;1perCO2;1226;1100
4.26931321689051;1perCO2;1227;1100
4.60463031636868;1perCO2;1228;1100
4.555931113133;1perCO2;1229;1100
4.23100768638182;1perCO2;1230;1100
4.151855585801;1perCO2;1231;1100
4.51732651055852;1perCO2;1232;1100
4.76767726260869;1perCO2;1233;1100
4.73254737789665;1perCO2;1234;1100
4.72981409192431;1perCO2;1235;1100
4.7610644510973;1perCO2;1236;1100
4.62730240755934;1perCO2;1237;1100
4.8897350565548;1perCO2;1238;1100
4.9879079317268;1perCO2;1239;1100
4.63563031495954;1perCO2;1240;1100
0.0968083770050612;1perCO2;1200;1200
0.213056265680905;1perCO2;1201;1200
-0.0674670882458486;1perCO2;1202;1200
-0.150471926579769;1perCO2;1203;1200
0.0249008864041684;1perCO2;1204;1200
0.149771465513084;1perCO2;1205;1200
0.206488858007731;1perCO2;1206;1200
0.286941740741725;1perCO2;1207;1200
0.0482079894535445;1perCO2;1208;1200
0.0512869145756554;1perCO2;1209;1200
0.129538753306917;1perCO2;1210;1200
0.348649720066362;1perCO2;1211;1200
0.444315241161974;1perCO2;1212;1200
0.508296892028341;1perCO2;1213;1200
0.266893720294831;1perCO2;1214;1200
0.378790346750861;1perCO2;1215;1200
0.390933799952734;1perCO2;1216;1200
0.481479023427312;1perCO2;1217;1200
0.637449426967692;1perCO2;1218;1200
0.42304470104574;1perCO2;1219;1200
0.455970516558523;1perCO2;1220;1200
0.684638655508707;1perCO2;1221;1200
0.677413741992211;1perCO2;1222;1200
0.568199865735778;1perCO2;1223;1200
0.612793661122168;1perCO2;1224;1200
0.552213450923773;1perCO2;1225;1200
0.554512350081268;1perCO2;1226;1200
0.633184313458628;1perCO2;1227;1200
0.844479968099108;1perCO2;1228;1200
0.909291079117622;1perCO2;1229;1200
0.655955885634739;1perCO2;1230;1200
0.611230595823656;1perCO2;1231;1200
0.765983665773263;1perCO2;1232;1200
0.717135649959175;1perCO2;1233;1200
0.935204730123758;1perCO2;1234;1200
1.04427888568301;1perCO2;1235;1200
1.01266774258522;1perCO2;1236;1200
0.885667298374301;1perCO2;1237;1200
1.01248903498896;1perCO2;1238;1200
1.06708200161091;1perCO2;1239;1200
1.00590712392267;1perCO2;1240;1200
1.04055281640791;1perCO2;1241;1200
1.18368406679076;1perCO2;1242;1200
1.40055283129618;1perCO2;1243;1200
1.41057755253377;1perCO2;1244;1200
1.14894104064803;1perCO2;1245;1200
1.12561831456571;1perCO2;1246;1200
1.25128673371205;1perCO2;1247;1200
1.35782904939907;1perCO2;1248;1200
1.27877800032712;1perCO2;1249;1200
1.15721698878747;1perCO2;1250;1200
1.29993556909227;1perCO2;1251;1200
1.5517696405833;1perCO2;1252;1200
1.69054974370522;1perCO2;1253;1200
1.46959561749276;1perCO2;1254;1200
1.48045209836698;1perCO2;1255;1200
1.6134739835307;1perCO2;1256;1200
1.56558800602267;1perCO2;1257;1200
1.62539160222229;1perCO2;1258;1200
1.93616007289063;1perCO2;1259;1200
1.84946514547903;1perCO2;1260;1200
1.50874745961323;1perCO2;1261;1200
1.62032189741063;1perCO2;1262;1200
1.76989077059869;1perCO2;1263;1200
2.02971578833581;1perCO2;1264;1200
1.71352288183408;1perCO2;1265;1200
1.63356421372976;1perCO2;1266;1200
1.80367250965281;1perCO2;1267;1200
2.14849412055975;1perCO2;1268;1200
2.34813462442787;1perCO2;1269;1200
1.97342106843342;1perCO2;1270;1200
1.77535335093989;1perCO2;1271;1200
1.99239049488301;1perCO2;1272;1200
2.3340638923155;1perCO2;1273;1200
2.37654042126701;1perCO2;1274;1200
2.42850882072378;1perCO2;1275;1200
2.59495450888983;1perCO2;1276;1200
2.42330202081928;1perCO2;1277;1200
2.07208004707724;1perCO2;1278;1200
2.1133815123444;1perCO2;1279;1200
2.62527344552723;1perCO2;1280;1200
2.83031560731439;1perCO2;1281;1200
2.43966552631298;1perCO2;1282;1200
2.44962698188067;1perCO2;1283;1200
2.74977324269554;1perCO2;1284;1200
2.81031416108533;1perCO2;1285;1200
2.63323530656317;1perCO2;1286;1200
2.64844146124625;1perCO2;1287;1200
2.91245002587817;1perCO2;1288;1200
2.85465526789278;1perCO2;1289;1200
2.85843121522373;1perCO2;1290;1200
3.11750753568271;1perCO2;1291;1200
3.19293618699271;1perCO2;1292;1200
3.06088296940334;1perCO2;1293;1200
2.9709562630992;1perCO2;1294;1200
3.18654715650831;1perCO2;1295;1200
3.32498809133506;1perCO2;1296;1200
2.94346974822179;1perCO2;1297;1200
3.04958347426151;1perCO2;1298;1200
3.12288032772568;1perCO2;1299;1200
3.42287232054593;1perCO2;1300;1200
3.40957416762507;1perCO2;1301;1200
3.01555097424324;1perCO2;1302;1200
3.14744777573748;1perCO2;1303;1200
3.53956284472332;1perCO2;1304;1200
3.64134377401257;1perCO2;1305;1200
3.46626199582039;1perCO2;1306;1200
3.30111265172343;1perCO2;1307;1200
3.62782894636427;1perCO2;1308;1200
3.81986082158272;1perCO2;1309;1200
3.54279717623206;1perCO2;1310;1200
3.67641808561956;1perCO2;1311;1200
3.96443844397305;1perCO2;1312;1200
3.87976613251834;1perCO2;1313;1200
3.63854028188831;1perCO2;1314;1200
3.64118926223023;1perCO2;1315;1200
3.90526598682499;1perCO2;1316;1200
4.20655865801075;1perCO2;1317;1200
4.03617895527475;1perCO2;1318;1200
3.86979458789841;1perCO2;1319;1200
4.13291163429636;1perCO2;1320;1200
4.32253124098651;1perCO2;1321;1200
4.02105055205891;1perCO2;1322;1200
4.16271316018458;1perCO2;1323;1200
4.29161589346637;1perCO2;1324;1200
4.36843487881629;1perCO2;1325;1200
4.085909958988;1perCO2;1326;1200
4.10221575482421;1perCO2;1327;1200
4.47610920564347;1perCO2;1328;1200
4.59750233538392;1perCO2;1329;1200
4.33229221964865;1perCO2;1330;1200
4.22770226459477;1perCO2;1331;1200
4.53243119929175;1perCO2;1332;1200
4.68498073493026;1perCO2;1333;1200
4.49350884045219;1perCO2;1334;1200
4.48293474589843;1perCO2;1335;1200
4.81300362275948;1perCO2;1336;1200
5.00496249864312;1perCO2;1337;1200
4.891837766187;1perCO2;1338;1200
4.72822756885796;1perCO2;1339;1200
5.02027103600011;1perCO2;1340;1200
