y_coldsun;yhat_coldsun_A0;yhat_coldsun_A1;yhat_coldsun_A100
0;-3.94309935994184;-1.40638639779316;-0.509180321043196
0;-4.20076966741607;-2.06731178155451;-1.31273236786166
0;-4.11425161192667;-1.65356660392396;-0.783250736464694
0;-4.03858248394322;-1.50788448194983;-0.612805827136542
0;-4.1438425566383;-1.65059609116584;-0.768763612270615
0;-4.0398166134208;-1.50346005526305;-0.60638003448837
0;-3.9379086979184;-1.38901836736043;-0.48750529604754
0;-3.97270802930552;-1.4461093430178;-0.552480568824239
0;-4.0820995369666;-1.54662859634308;-0.649861808261757
0;-3.85620260052358;-1.36708186806136;-0.486708613281405
0;-3.89918958710621;-1.53608488254022;-0.700282041395327
0;-4.10781752891922;-1.78973965705767;-0.969862286599377
0;-4.40033454339898;-2.38314406740767;-1.6696870937464
0;-4.09678204047704;-1.69014460872062;-0.838944744752997
0;-4.19038611446694;-1.72480864798866;-0.852762374472389
0;-4.07507491071404;-1.34705253642436;-0.382182530142943
0;-4.09931738716099;-1.44258158123536;-0.502924810854578
0;-3.9705082257287;-1.29675478720763;-0.351079076724263
0;-4.26314649344181;-2.14651734625582;-1.39789006306771
0;-4.17263605920615;-1.89563438614583;-1.09028519279084
0;-4.13133299226505;-1.42807953384031;-0.471970007029808
0;-4.12610398444322;-1.59374516834912;-0.698079102770095
0;-4.15470298736944;-1.48847907538406;-0.545466471473522
0;-3.94947229665759;-1.35065500509072;-0.431483344304297
0;-4.00239672619702;-1.35634412537902;-0.42046588125831
0;-4.15063048588009;-1.71248621340312;-0.850142743763302
0;-3.93040756599529;-1.33756916675734;-0.420512171133944
0;-4.05902071224541;-1.51909637646289;-0.62075447394867
0;-4.07482183586388;-1.50124020133927;-0.590994100987511
0;-4.07861294336079;-1.70132345862542;-0.860503624562777
0;-4.03623582633541;-1.42266563134936;-0.498276039013272
0;-3.90784308940345;-1.37713261310539;-0.482049546274631
0;-3.83555257009844;-1.23234277485991;-0.311617536256354
0;-3.91605525442055;-1.27015457766213;-0.334330067326633
0;-4.00373040863239;-1.67427380338962;-0.850371906354006
0;-3.83409534764772;-1.08356507784979;-0.11073428888379
0;-3.84367077111042;-1.23814536810146;-0.316601125773821
0;-3.84369784018674;-1.22051534396958;-0.292725991706184
0;-3.92596961522002;-1.06206764457829;-0.0491385944191075
0;-3.99806703183303;-1.45530832366019;-0.555963936367304
0;-4.25991673256942;-2.06577046699255;-1.28972627431948
0;-4.0097736888645;-1.4756198055501;-0.579318845427503
0;-3.78774090669474;-1.00925254062832;-0.0265332959163109
0;-3.85657497280622;-1.01921996534098;-0.0156802694510715
0;-3.92087204803966;-1.12289031126913;-0.133276486479219
0;-4.10505013899845;-1.13857594988215;-0.0893682907141421
0;-4.13710349310853;-1.68156045719073;-0.813063245870285
0;-3.88966822127923;-1.13865490844501;-0.16565327273599
0;-3.75760408707431;-0.955332181272597;0.0357990267539318
0;-3.82805881995426;-1.17865641825885;-0.241593388256554
0;-3.90698010794679;-1.45508509974128;-0.587878153689455
0;-3.73669342440773;-0.930075151987746;0.0625933157129556
0;-3.80888173259624;-1.10369551373332;-0.14690239187843
0;-3.82786833264965;-0.990722096717244;0.0127437590926411
0;-4.0594615997969;-1.55443752967755;-0.668439448045074
0;-4.46855255730389;-2.24043959041527;-1.45238176778934
0;-4.15750631139586;-1.57996837182062;-0.668322972066142
0;-4.34489611225688;-1.91094166255892;-1.05008008484543
0;-4.1602325916952;-1.30732236451;-0.298280967061298
0;-4.15985131940953;-1.48545920856526;-0.539557607057546
0;-4.1467377228449;-1.64071510882755;-0.754363853751142
0;-4.07615185154327;-1.36629968692646;-0.407856273948148
0;-4.09066804822422;-1.40202577501274;-0.451084055659165
0;-4.04408791384588;-1.66964586451797;-0.829833135472267
0;-4.08500607874252;-1.38062576188847;-0.4241176782662
0;-3.75924368547345;-0.621857487156422;0.4877997757044
0;-3.92211113033841;-0.938231124095436;0.117132771560423
0;-3.90133448746503;-0.716890049370918;0.40941116939626
0;-3.8468148033328;-0.870604773119077;0.182046340600103
0;-3.89895264804014;-0.997515646004496;0.0286891112449945
0;-3.91094327287811;-0.867828886638247;0.208485525090517
0;-3.70702416718533;-0.530782796959569;0.592617091444611
0;-3.80143332844456;-0.636557978442422;0.482821879881281
0;-4.15970501634061;-1.44445401647977;-0.484101097829824
0;-3.98461198368952;-1.00665389818404;0.0466154825025819
0;-4.12919265663239;-1.32017376640834;-0.326656227916413
0;-3.98954451861809;-1.33381471016295;-0.394513749468656
0;-4.05930381229061;-1.35988032146076;-0.405125409954099
0;-3.91111684265509;-1.13056788331815;-0.147119830565342
0;-3.95052840533669;-1.03385325875091;-0.00225894576809871
0;-3.7809504335732;-1.10112614289074;-0.153303242113724
0;-3.88523998610395;-0.868612950687491;0.198333190972675
0;-3.97202068206517;-1.05495693731867;-0.0232251816546081
0;-3.98049197972946;-1.19295647412257;-0.207037360645767
0;-4.16189700407354;-1.51536674530763;-0.579319559087436
0;-4.0009005398006;-1.0032014094091;0.0570501508530242
0;-4.02391842680168;-1.34390059659157;-0.396009243118903
0;-4.01993294453659;-0.989647139883876;0.0821299507020951
0;-4.24838463191335;-1.3500736717914;-0.32497455946229
0;-4.1956875395573;-1.30805672621489;-0.286735058450473
0;-4.23217161663042;-1.50419012667169;-0.539334580705946
0;-4.31202701000892;-1.53369945607139;-0.551037088752078
0;-4.15079932667335;-1.45840261822207;-0.506132998486302
0;-4.21901004252332;-1.53933631828338;-0.591566671118085
0;-4.12891694074231;-1.3572027014081;-0.376879387083019
0;-4.05712292331896;-1.16482805539007;-0.141856765386304
0;-4.21211419056807;-1.28377184292372;-0.248050975677736
0;-4.1049971103109;-1.29956689953411;-0.307318635515008
0;-4.44294509293356;-2.19610307397779;-1.40142100194832
0;-4.05279209461218;-1.16164292295728;-0.139076852493374
0;-3.981417397007;-1.27931726158044;-0.323615651794036
0;-4.22543802843387;-1.83364235982086;-0.987691856060931
0;-4.16701617243028;-1.85763022005008;-1.04082708112439
0;-4.10562157828338;-1.28957520230555;-0.293572123267032
0;-4.06649246856093;-1.24675024784954;-0.249439991214263
0;-3.92338295317006;-1.26820389389803;-0.32909772682888
0;-4.09786791310489;-1.38789002332365;-0.429402142806704
0;-4.31817104173314;-1.79985460412343;-0.90915516563082
0;-4.11195935698067;-1.5340628615766;-0.622290644766518
0;-4.14856664293583;-1.40514909642002;-0.434833995529952
0;-4.21465347556631;-1.55635363471255;-0.616143683241587
0;-4.40810838292565;-2.20633168683836;-1.42758869902206
0;-4.40859085799255;-2.19420594415456;-1.41100357533941
0;-4.23582499393701;-1.74317959451385;-0.861559705738211
0;-4.37721850894307;-1.85433205160585;-0.962016249917312
0;-4.25709325294948;-1.94675557368254;-1.12961581994904
0;-4.16816026209161;-1.71251295720019;-0.843978867148046
0;-4.13553804205993;-1.52835736968837;-0.606227677704765
0;-3.93363574760979;-1.05384531495881;-0.0352966992919949
0;-4.2424532637163;-1.64925233334847;-0.732067114651599
0;-4.26127491893558;-1.5024278425551;-0.526655495156427
0;-4.26760542132451;-1.53080932804345;-0.562836158687473
0;-4.13082694024847;-1.47980705114065;-0.542171934521889
0;-4.05782696893534;-1.29688547016976;-0.320372349763197
0;-4.10744709837538;-1.56585272307912;-0.666920146877075
0;-4.00682698782777;-1.13489071352662;-0.119120022955823
0;-4.0144100563901;-1.01637289281363;0.0439982258818498
0;-4.14307426050156;-1.17783512797094;-0.129064294052935
0;-4.15093130093614;-1.47825158616816;-0.5329556393752
0;-4.18038530079735;-1.5519464454723;-0.622297979701107
0;-4.1871489371525;-1.57796947526873;-0.655132834519898
0;-4.26221770662191;-1.85223973629895;-0.999858362422154
0;-4.2673580248887;-1.70746287603083;-0.802057527586276
0;-4.27440333604805;-1.81223726306318;-0.941397560025384
0;-4.35948006886136;-2.05900929706725;-1.24535935454826
0;-4.37895549347308;-2.06965863075751;-1.25288700181722
0;-4.21046484763022;-1.75600468506955;-0.887890473548786
0;-4.29286066463399;-1.96897839229599;-1.1470480724276
0;-3.99272405912129;-1.46132686129558;-0.566000908991752
0;-4.12907427153254;-1.61269637991473;-0.722682582750109
0;-4.09664801561002;-1.72992530828621;-0.892842821352206
0;-4.14160643515705;-1.82449530997827;-1.00495986665616
0;-3.90418800770679;-1.43956706574431;-0.567859103901822
0;-3.86771390006735;-1.03752107314767;-0.0365145577964955
0;-4.04101087553083;-1.27977652890379;-0.303159831590904
0;-4.48432632788531;-2.09399072057869;-1.24855662363978
0;-4.32625964732846;-1.90356082348147;-1.04668023063367
0;-4.17083137887509;-1.46960503231604;-0.514212471560127
0;-4.11935378358134;-1.41480444958247;-0.458236586548144
0;-4.37098561913171;-1.8739313939949;-0.990752154484368
0;-4.38507899971979;-2.09826414270823;-1.28944413952775
0;-4.13429740416491;-1.74571784689596;-0.90090484457371
0;-4.24307569121791;-1.77308961087051;-0.899484061546369
0;-4.38816656741109;-2.04457479512164;-1.21567345275677
0;-4.41507814009915;-1.97806382823531;-1.11612001261379
0;-4.35759500334354;-2.05376462422476;-1.2389264273971
0;-4.33853084146929;-1.65562916013585;-0.706717821828147
0;-4.55527086661861;-2.25687980861458;-1.44396543684335
0;-4.60802083120994;-2.23651626952907;-1.39774249593734
0;-4.61595645803117;-2.13536083784219;-1.2580028168118
0;-4.38815063527565;-1.79354740652576;-0.875866211087024
0;-4.20770175373836;-1.34216497796077;-0.328657716106252
0;-4.13679109281475;-1.38154320525019;-0.407043849366631
0;-4.29143987716686;-1.50389928294609;-0.517978369685321
0;-4.21593957689672;-1.67700269636988;-0.779010045374822
0;-4.37603212443571;-1.9943271802225;-1.15194564913917
0;-4.24312739841252;-1.72144923055725;-0.82956078690335
0;-4.16520503365818;-1.62919559677354;-0.732238348784018
0;-4.33548410492042;-1.94440406464833;-1.09870667036751
0;-4.18135635039897;-1.74048239148051;-0.877173463273203
0;-4.31506884744093;-1.9496032617336;-1.11296540419615
0;-4.22732149843476;-1.85568957712307;-1.01687075790089
0;-4.31006668236607;-1.91232538937973;-1.06427198694844
0;-4.29419685442222;-1.96206834278834;-1.13722142332155
0;-4.42402902985307;-2.34448576069822;-1.60897532424345
0;-4.27760291884282;-2.00761317015878;-1.20474401347093
0;-4.35137389678514;-2.07575000384755;-1.27088811540919
0;-4.24923193893322;-1.6982880716135;-0.796048688065482
0;-4.11946316996811;-1.52584068427599;-0.608506366329609
0;-4.12016969144599;-1.68462894399558;-0.823206311088081
0;-4.01898440047026;-1.52790433261419;-0.646838083534855
0;-4.16727810761345;-1.56220495226042;-0.640820664705348
0;-4.17317085409828;-1.72244262278142;-0.855648352239361
0;-4.32594480071824;-2.33674506112393;-1.63318808764522
0;-4.33452942116091;-2.19332981298392;-1.43601224152174
0;-4.03839812428037;-1.59094767453269;-0.725312717474707
0;-4.32965122681452;-2.29314013461139;-1.57284968214109
0;-4.39870009739849;-2.34550859809034;-1.6193184782786
0;-4.30490527089682;-2.01247973061706;-1.20167529356561
0;-4.31080113711054;-2.23714357059283;-1.50371483918352
0;-4.33195358782005;-2.08719963082339;-1.29325608219269
0;-4.21814963497685;-1.54486374677067;-0.599353403433692
0;-4.32443823846365;-1.77608678069278;-0.874764302460967
0;-4.34324480309644;-1.8903029006052;-1.02272568013576
0;-4.2712712575069;-1.54854882087701;-0.585553341333785
0;-4.34048626503778;-1.89781325850261;-1.03386802793138
0;-4.45967282649321;-2.0745622328958;-1.23097616295913
0;-4.36161454588154;-1.97652177150514;-1.13294200402115
0;-4.13329963020514;-1.67473844392013;-0.805173747673061
0;-4.34800376874402;-1.91748702706393;-1.05784132697219
0;-4.4681175196869;-2.22741681900315;-1.43490686031683
0;-4.33467618428241;-2.05547905175999;-1.24935334974983
0;-4.40104143207551;-2.03053060441944;-1.19210830307515
0;-4.42889301510996;-2.10705684235575;-1.28585020427854
0;-4.4980076055888;-2.33084599533036;-1.56434596358213
0;-4.40311839576022;-2.00946035371306;-1.16285114997924
0;-4.23138205449096;-1.60392416079949;-0.674622649828374
0;-4.42730571470677;-2.03933116921716;-1.19473215257369
0;-4.4580078870558;-1.86978358512905;-0.954358542433719
0;-4.438830030399;-2.04417087296611;-1.19720758628273
0;-4.68974708710982;-2.32691755053721;-1.49121203313336
0;-4.35787484309523;-1.71754285144133;-0.783687920711356
0;-4.25170208670064;-1.81049513076841;-0.947068425363215
0;-4.23738463093313;-1.52832612208248;-0.570163415982218
0;-4.33991494903478;-1.70754816452532;-0.776510435567553
0;-4.36740980005608;-2.18483576639151;-1.41288453849148
0;-4.44440972569623;-2.19540992104294;-1.39996466513376
0;-4.69449070665043;-2.55050219451955;-1.79219821993953
0;-4.41974552434887;-2.04110321985043;-1.19980490906214
0;-4.30736480633129;-1.94616359929767;-1.11103400324534
0;-4.33939846176436;-1.76569400619316;-0.855404465455726
0;-4.14907222544899;-1.76665427623466;-0.924020563517389
0;-4.08147823249316;-1.7917805682053;-0.98194094938646
0;-4.16888626337447;-1.77078893643812;-0.922609608910751
0;-4.17613506933992;-1.70952088619144;-0.837107937962618
0;-4.41180874250752;-2.07175461334122;-1.24410449449077
0;-4.49054549053898;-2.32693700135865;-1.56169366749871
0;-4.53894390158253;-2.25331821499496;-1.44491880765915
0;-4.56002282216404;-2.40869035103759;-1.64778890298046
0;-4.29903467568262;-2.13064451679758;-1.36370996158933
0;-4.51598762693164;-2.22199353144826;-1.41063431453756
0;-4.46384353334878;-2.18665652878488;-1.3812417858175
0;-4.41291825177667;-2.0475621958139;-1.21096307768203
0;-4.25783990415431;-1.86539033478851;-1.01920855388466
0;-4.30266993357863;-1.92950404607285;-1.09014268072447
0;-4.32610844054015;-1.69568160186131;-0.765330009338291
0;-4.22771754608081;-1.44174840362149;-0.456383294699134
0;-4.28646778874401;-1.88355700542964;-1.03367521397475
0;-4.25936365250875;-1.60747199631137;-0.669528545741631
0;-4.16416685292785;-1.47282539603673;-0.520929006590061
0;-4.20641500891735;-1.56061964180914;-0.624832378280606
0;-4.13440000200011;-1.30696170257918;-0.306929431790675
0;-4.05158477584902;-1.22205348766307;-0.221280950921585
0;-4.23756543020517;-1.62576968545752;-0.702007695676638
0;-3.94429845950886;-0.997383113501631;0.0449068087550212
0;-4.19688286158426;-1.46501801046215;-0.498788964504047
0;-4.16630114783087;-1.29729457367154;-0.282560084204062
0;-4.06398060454626;-0.914037052424361;0.200061601445049
0;-4.19723179442681;-1.21529292379503;-0.160615585385537
0;-4.28608094158751;-1.14955812393427;-0.0402062288424918
0;-4.12028537414523;-0.811558582569897;0.35869986921502
0;-4.2113641455126;-0.765593099232636;0.453136322638056
0;-4.1042626905268;-0.715329193389342;0.483297443799295
0;-4.48087188982334;-1.75222499331279;-0.787134100734824
0;-4.31092136272905;-1.37936620646326;-0.342509005914412
0;-4.39711617309984;-1.54444575919739;-0.535489180937077
0;-4.29074298957936;-1.1504833372294;-0.0398097668642799
0;-4.14861383404717;-0.864362581470676;0.29723915485248
0;-4.13195632334972;-0.981070450034198;0.133361491958067
0;-4.30160828712102;-1.27864931698967;-0.209463643152026
0;-4.26666304730939;-1.27321073446212;-0.214461224516458
0;-4.43405205528553;-1.58933351329416;-0.58318942028804
0;-4.27233985649039;-1.12706935274706;-0.014623502117348
0;-4.30520263142185;-1.45346281651563;-0.444835380372317
0;-4.44038001403477;-1.6112059845159;-0.610559806038781
0;-4.63748575824071;-1.93985653233553;-0.98573623160971
0;-4.64070765053061;-2.02117081451479;-1.09467089015875
0;-4.35523707020096;-1.47029727119476;-0.449927384121004
0;-4.3635681647611;-1.62778276670317;-0.660167068574542
0;-4.37197053466487;-1.45138942251753;-0.418413614627779
0;-4.31138028727169;-1.41694498881099;-0.393216653249161
0;-4.23275066646271;-1.07231295169532;0.0454973662987326
0;-4.33683693370045;-1.23192716238966;-0.13375643667187
0;-4.05516125408076;-0.620410710457841;0.594420886905182
0;-4.32027058482051;-0.905479133722714;0.302293163133285
0;-4.101143323853;-0.788525321174316;0.383109407035969
0;-4.36038626407778;-1.17485970784916;-0.04817575639578
0;-4.27907307149203;-0.991363019231916;0.171462054591687
0;-4.11438021507161;-0.846291745615581;0.309593400991097
0;-4.25281462758547;-1.27646072402036;-0.223758723958416
0;-4.39691636954459;-1.54125893825613;-0.531245886445154
0;-4.481746760006;-1.86568201486974;-0.940410128956614
0;-4.48788797668895;-1.65870858990329;-0.658060516622683
0;-4.5834136390893;-2.00805301390062;-1.09717770509761
0;-4.55502143739818;-1.89236260327053;-0.950610926223114
0;-4.3478410843242;-1.4515671743256;-0.427188543097995
0;-4.1279187900205;-1.15130801745599;-0.0985151657956082
0;-4.50041274750043;-1.65158331275055;-0.643985244454787
0;-4.14858720691722;-0.938858302555676;0.196385739905439
0;-4.3512958309973;-1.3451204541301;-0.281870943386557
0;-4.30975991492068;-1.31054234946977;-0.249753736264375
0;-4.41030238473643;-1.272087145479;-0.162136660412606
0;-4.04009312189543;-0.87310770477919;0.24701845991249
0;-4.25072293234216;-1.02193040911634;0.120056215160358
0;-4.29652108617082;-1.09877143708716;0.0322356811374621
0;-4.57614230316856;-1.51620733083317;-0.433943672073103
0;-4.54491764392251;-1.35940879493156;-0.232731106323628
0;-4.5957994400585;-1.43969352840667;-0.323415319144165
0;-4.38204678699567;-0.952216066200232;0.260875446650598
0;-4.64749738137586;-1.6936723024994;-0.648938487531424
0;-4.29612263153895;-1.00402180636959;0.160356233120442
0;-4.32591291369087;-1.1387736743506;-0.0115193355063846
0;-4.26645822754789;-0.855805869008482;0.350502478614424
0;-4.44388100957639;-1.05054043041442;0.149644940786356
0;-4.23657958249531;-0.745039843348709;0.489877436579916
0;-4.46528726058652;-1.42773089588764;-0.353382292185243
0;-4.35854580160552;-1.52291998397384;-0.519991882556684
0;-4.16320557841407;-0.913500796586121;0.235882252030376
0;-4.36024679809607;-1.26111419249247;-0.164986783561475
0;-4.65043239788149;-1.80032907879977;-0.792280452328711
0;-4.58672339672665;-1.7177962230546;-0.703089816622473
0;-4.21186103726968;-1.00696898979103;0.126564312254214
0;-4.45248428017602;-1.55027252351476;-0.523793744502211
0;-4.36098245665792;-1.10326888105478;0.0489467854218523
0;-4.24416124885972;-1.20784578236441;-0.13393607002478
0;-4.21464856633632;-0.739275153594733;0.489924283398641
0;-4.52257978277623;-1.6754392858758;-0.668438575390924
0;-4.34590296342824;-1.13775469658917;-0.0030697073640682
0;-4.37774350402571;-1.23544373348917;-0.124048596883902
0;-4.36001610962462;-1.16807775712419;-0.0391260273830154
0;-3.96562440478121;-0.535823592459107;0.677257342110123
0;-4.36692452209381;-1.20188075862606;-0.082441334404593
0;-4.23392920002203;-0.805178590490335;0.407530899481385
0;-4.20400170525317;-0.954784087429954;0.194426656904661
0;-4.25675220578107;-1.1091368039838;0.00413841000507142
0;-4.49711857921339;-1.47501660136396;-0.406134035798549
0;-4.5887088030331;-1.68118922210869;-0.652833126957396
0;-4.51968522767269;-1.79792742011339;-0.835273118731334
0;-4.51990598752772;-1.87664543284316;-0.941754703192902
0;-4.43591327183793;-1.505707137381;-0.469327070265347
0;-4.29970651686241;-1.30280056220228;-0.242829539035457
0;-4.38060857544398;-1.67427515107423;-0.717076275881238
0;-4.30319742141993;-1.4282490354256;-0.411412995737439
0;-3.90516550041813;-0.764975453717286;0.345673497933611
0;-4.09841353140635;-0.903009276373449;0.227168303063727
0;-4.16540403855813;-1.05731567313614;0.0419792846072902
0;-4.2152754988026;-0.988737959403234;0.152451103138184
0;-4.30814547168544;-1.23006363225269;-0.141381636188912
0;-4.19528951082368;-1.04082915757835;0.0748670366813624
0;-4.30878539966822;-1.14972194610354;-0.0323976884247661
0;-4.20642003031621;-1.33903552291582;-0.324874739726786
0;-4.30114151636824;-1.42405531005891;-0.406463148016258
0;-4.45714423285053;-1.86599390304303;-0.94953395808062
0;-4.43945118571093;-2.07455544816287;-1.2381191393378
0;-4.49962712409038;-2.08292250251085;-1.22816198977463
0;-4.40749075946938;-1.81672241816599;-0.900397578125791
0;-4.38858093353009;-1.63724176486587;-0.664124877713327
0;-4.3120621244944;-1.55602089480287;-0.581240942971787
0;-4.26049291276848;-1.4291663673343;-0.427758868838561
0;-4.41520653448173;-1.83422390962599;-0.921360164472446
0;-4.19071344387299;-1.16745212234629;-0.0981595103120948
0;-4.2253561965487;-1.39942927505718;-0.399931561186546
0;-4.20192567430444;-1.32612613461457;-0.308989051694867
0;-4.16018468794876;-0.9869715935598;0.135357228656163
0;-4.55106656494827;-1.75273690707748;-0.763000026612762
0;-4.36863898780353;-1.44033606807712;-0.404629146030354
0;-4.31736354759595;-1.31589814637781;-0.254314499623126
0;-4.5898883136952;-2.11228567713299;-1.23598623984361
0;-4.46121241640832;-1.69052041061081;-0.710558648481268
0;-4.54089273511517;-1.76502228633396;-0.783228968729878
0;-4.52202955872797;-1.80905488950865;-0.84950708271591
0;-4.59433485273837;-2.02411917921186;-1.11506358038969
0;-4.28219386727933;-1.29009501644329;-0.231824210379069
0;-4.55896662738487;-1.83958984188871;-0.877777680510594
0;-4.4226447716843;-1.45075240337814;-0.399628396808371
0;-4.37378938715989;-1.68288195649053;-0.7311390771057
0;-4.35820584990059;-1.67922607732343;-0.731701872846355
0;-4.36222177573357;-1.30958688943455;-0.229905186792639
0;-4.23627077218443;-1.10862850327552;-0.00241755570804725
0;-4.37508034592542;-1.45945162657558;-0.42822742282034
0;-4.41158273246533;-1.68368715293188;-0.718861992491348
0;-4.36198857455868;-1.32663419306971;-0.25306440539655
0;-4.45010734944508;-1.54178783555295;-0.513148813349879
0;-4.26306919202414;-1.04108787783233;0.0984897004755958
0;-4.22375092211712;-1.21520249101868;-0.151113658401335
0;-4.49395969239756;-1.72305954183109;-0.7430241613007
0;-4.29778798571448;-1.52194936804008;-0.540167308730893
0;-4.28613074052104;-1.40834968732129;-0.390511765958781
0;-4.39887193950795;-1.79247977423867;-0.870628968110303
0;-4.19349902003057;-1.6325152750442;-0.72672490272184
0;-4.63265190070358;-2.28914466791404;-1.46027322619391
0;-4.48077592967274;-1.66265869674226;-0.665923179517079
0;-4.37075251830189;-1.77004809912069;-0.850208983092609
0;-4.4918290731532;-2.2516836778264;-1.45937012423139
0;-4.45745248744617;-1.88394638254491;-0.97372699614857
0;-4.47190903172576;-2.01874755820006;-1.15109267799163
0;-4.19150156305844;-1.62213388904779;-0.713378217860322
0;-4.00111544113119;-1.12516880481264;-0.107979695514257
0;-4.27592710389944;-1.39341053682817;-0.373897718902489
0;-4.41328531463199;-1.80139330038677;-0.877597261196501
0;-4.50662386111331;-2.07509468583955;-1.21509089967888
0;-4.47439912456107;-1.83902697006299;-0.906926276450959
0;-4.50742377475791;-1.83349588824772;-0.887758477525305
0;-4.62803679999477;-2.26785954331603;-1.433092106678
0;-4.48523490742138;-2.11036244686802;-1.27039748634294
0;-4.36440449041472;-1.59984317421142;-0.622049766184446
0;-4.27013314756418;-1.60936411741665;-0.668280842210621
0;-4.16039512315283;-1.1750872389437;-0.119218319342643
0;-4.32485069618069;-1.21069829782538;-0.109258561670447
0;-4.38045971097551;-1.23508530842203;-0.122602709983194
0;-4.4250559423866;-1.37376898032019;-0.294564022911463
0;-4.28965458451698;-1.02318532098095;0.132127131193058
0;-4.23272216855599;-1.11328648163226;-0.00997810733046967
0;-4.37769443802792;-1.25199359339305;-0.146469305168672
0;-4.47172167585729;-1.51859605468041;-0.474109629822292
0;-4.3703957803768;-1.30237981056617;-0.217257996331273
0;-4.33936989059997;-1.61698096416774;-0.654103443329538
0;-4.45451655708243;-1.84525105539164;-0.922383983356814
0;-4.50714721447384;-1.88344509127939;-0.955471952955558
0;-4.48612649486631;-1.49334025494115;-0.434826327295166
0;-4.36239127871589;-1.42986013783401;-0.392657742798659
0;-4.32337475168849;-1.56885727777478;-0.594616260763544
0;-4.41954233844677;-1.35114302877515;-0.265885631658831
0;-4.43886527293262;-1.43358688974416;-0.370654635304949
0;-4.38077040238632;-1.27289268786962;-0.17367223491839
0;-4.43542823554561;-1.36621202648005;-0.280665701482988
0;-4.35346642718143;-1.28997418181325;-0.206452356666605
0;-4.4215746753377;-1.37600852439411;-0.29882695180655
0;-4.10831748801786;-0.881720713766325;0.25948929945807
0;-4.46735605404732;-1.63088576114777;-0.627658978581618
0;-4.57262964268892;-1.80288544386678;-0.823258910117591
0;-4.64095946474861;-1.8362467587151;-0.844252267836743
0;-4.57576518697703;-1.46825993599641;-0.369171219096136
0;-4.40952082101618;-1.37966762634512;-0.308043544913154
0;-4.50461751473304;-1.34529682244159;-0.227881582396096
0;-4.47737965921354;-1.15843676546645;0.0154350036649418
0;-4.21769199370501;-0.793791276637269;0.417202862384169
0;-4.55117072288981;-1.44010508670363;-0.339757102677081
0;-4.55738735904882;-1.74275550844605;-0.747252730695475
0;-4.61080590164237;-1.69096660311422;-0.658253166134011
0;-4.53821838760836;-1.52454441907124;-0.458642743059582
0;-4.82956054937405;-1.73071469618574;-0.634688708272184
0;-4.68593520983074;-1.4380170143148;-0.289265860642587
0;-4.56821503141077;-1.20430218906655;-0.0145250685002851
0;-4.40002409880372;-0.963489544104949;0.251973037371077
0;-4.40644709580037;-1.09455127160109;0.0768280304219751
0;-4.422763337669;-1.02726392351337;0.173685002691116
0;-4.13777392567959;-0.510638871758188;0.772236904937718
0;-4.17928536991816;-0.766858261327667;0.440077794890712
0;-4.28098827239833;-0.666992718731847;0.611235768479652
0;-4.30081857940794;-0.727515027953441;0.536321168051016
0;-4.18716475700743;-0.687898183905095;0.54975198795197
0;-4.49869056277916;-1.21551394711193;-0.0542922974519585
0;-4.77693949378792;-1.68665437371116;-0.593656218226355
0;-4.80347458046704;-1.81808745263899;-0.762190505485139
0;-4.74109251573893;-1.6251283574422;-0.523047822721067
0;-4.70391410427022;-1.56965292434408;-0.461100944395478
0;-4.47393247115526;-1.03086797977965;0.186904164881005
0;-4.65120230323294;-1.39122135325483;-0.238203742648976
0;-4.46077367887008;-1.12910088193168;0.0492733069334722
0;-4.17418025337729;-0.583475324570092;0.686515537625422
0;-4.59803677209196;-1.57451684452631;-0.505132766523009
0;-4.82920191075437;-1.84962688650633;-0.795785613261303
0;-4.46215624382179;-1.16472838496895;0.00153376480984446
0;-4.29670204219332;-0.691632431598765;0.583439052638953
0;-4.42093636306061;-0.936289983744153;0.296189194427938
0;-4.42450540701782;-1.12708105443118;0.0391798552218637
0;-4.39038236390377;-1.02971028064061;0.158920620868201
0;-4.28146580703285;-0.971098326792176;0.199740417624447
0;-4.322548857174;-0.768419084732229;0.488635567084471
0;-4.35722792474472;-1.01217290453041;0.170934422148385
0;-4.18553758652206;-0.774477767317281;0.431974694436993
0;-4.18517082902792;-0.974468065998096;0.16112041902636
0;-4.30088144179144;-1.05321389269882;0.0954486102283214
0;-4.29912286263643;-1.29176268702487;-0.228094126649409
0;-4.33421672948597;-1.03635544144207;0.130060007235663
0;-4.34053163060001;-1.20386700073454;-0.094464948301236
0;-4.21840235554754;-0.774395874844561;0.443709440561548
0;-4.36869360324954;-0.912963150836071;0.309288797957189
0;-4.12436855690809;-0.663127300565458;0.561073755930102
0;-4.42409328946067;-1.32168393621024;-0.224397579481722
0;-4.23513161700191;-0.853501010320617;0.342542678858996
0;-4.42646225087087;-1.17157031191419;-0.0203526257307244
0;-4.65435362257102;-1.86999342520292;-0.885197381576679
0;-4.63186663598879;-1.6964462508879;-0.658221963541878
0;-4.46229744898271;-1.37192351328142;-0.278893944736014
0;-4.483520893618;-1.56284534828913;-0.529836140473787
0;-4.10486451564923;-0.827549109075148;0.331599498623048
0;-4.48616869958466;-1.54705631523525;-0.507526210396069
0;-4.28864256641748;-1.11722545253035;0.00446815212494733
0;-4.17249256550479;-0.826432035836234;0.357030927923348
0;-4.25705916312722;-1.32861850768059;-0.292862870100391
0;-4.35943595498465;-1.36362957935817;-0.30404746459594
0;-4.37612870345368;-1.32466876315012;-0.245402625336756
0;-4.4957136438421;-1.2953055240785;-0.163358135478565
0;-4.61174849162555;-1.67878228864428;-0.641426017169183
0;-4.18091157101024;-0.642412147773701;0.609114230053017
0;-4.3849652623884;-1.20785401015965;-0.0841464545378877
0;-4.59006999712174;-1.98113014223818;-1.05837824771796
0;-4.19672508018896;-0.619719330889527;0.645426289733789
0;-4.61958244904885;-1.48841715108927;-0.380960148836051
0;-4.61193361959295;-1.56673939749953;-0.489689371850613
0;-4.55149821160691;-1.63594929571705;-0.604753317523876
0;-4.42112503151989;-1.35309416597046;-0.267967083284763
0;-4.15330190675844;-0.788004127877296;0.402262828746744
0;-4.35609864204527;-0.861371400073091;0.374673262790575
0;-4.26561062942944;-0.622808717765868;0.665608245567839
0;-4.25569423921123;-0.926713138092954;0.250709029048547
0;-4.37087458519425;-1.28112434276303;-0.188315367323857
0;-4.34137654138626;-1.35525866696107;-0.299103263175618
0;-4.25085329888846;-1.14268996310011;-0.0433684892039962
0;-4.29822430467216;-1.12833297449303;-0.00717902191313569
0;-4.3751845002917;-1.09299464405722;0.0678780001880906
0;-4.34918582114094;-1.21254784448584;-0.103155218985162
0;-4.37773769148769;-1.20993074292439;-0.0895140120483097
0;-4.39458191969468;-1.32681740087736;-0.241784521954557
0;-4.59184501596226;-1.67406011659764;-0.642073296874123
0;-4.51774779816613;-1.38749968083113;-0.280367074771802
0;-4.52091106902298;-1.37400497856593;-0.260980639805849
0;-4.79890227252812;-1.59108471079761;-0.456516688149845
0;-4.53403996813444;-1.05195467828528;0.179618672121705
0;-4.56327704423724;-1.07461715354637;0.159281557244425
0;-4.60480990224047;-1.16733573156448;0.0484591812305027
0;-4.79347542522032;-1.49931547617122;-0.334209148346976
0;-4.55109756644628;-1.20924723878475;-0.0272733748490916
0;-4.60082566501165;-1.22727635328125;-0.0340909247901892
0;-4.46679317281248;-1.34297670305737;-0.238118896464259
0;-4.22743917026646;-1.03712684756206;0.0912497742202081
0;-4.67833093658732;-1.62957919022441;-0.551270909329303
0;-4.55861168381716;-1.3011500740444;-0.149023524971936
0;-4.35610312954585;-0.901797676580568;0.319950266365919
0;-4.262884989817;-0.648291324099886;0.63014870843588
0;-4.52260655699275;-1.34664644060603;-0.223346028436375
0;-4.27760429004424;-0.812445412456686;0.413141261426295
0;-4.35116094956313;-0.916726956982134;0.297992679933444
0;-4.33991868029412;-1.07139592581363;0.084642822390426
0;-4.3770294234316;-1.30646925059579;-0.220447581135332
0;-4.35015903495716;-1.13022854945127;0.00862367443668421
0;-4.13136577749554;-0.782914147746605;0.40139452049518
0;-4.28551521978558;-1.13769472401659;-0.0243469706586454
0;-4.34798577124299;-0.884866709790819;0.339998504684035
0;-4.49669702999663;-1.31487044656025;-0.189495132750309
0;-4.55964356994516;-1.7394665775817;-0.742002547234397
0;-4.61661242674039;-1.88766064644646;-0.922461919995528
0;-4.36250716365903;-1.2310405020025;-0.123476910890353
0;-4.84010261176833;-2.11371252633067;-1.14941984176394
0;-4.66272342741343;-1.66712482136103;-0.607616192297326
0;-4.57973427779364;-1.47818633030936;-0.381204642851398
0;-4.52659586748617;-1.35463614532698;-0.232750626392762
0;-4.64186582755563;-1.46162495123105;-0.336810483712363
0;-4.33069189550024;-0.659766233422268;0.63859777561566
0;-4.28225662414095;-0.937559140092797;0.245421730173471
0;-4.29893449451776;-0.857383951739825;0.359852726787319
0;-4.27148424432555;-0.961913317145894;0.208643695652833
0;-4.1998676742206;-0.491957948982665;0.819486896044582
0;-4.37130605262572;-0.778677279685668;0.491994023960098
0;-4.416597580529;-0.800834946759853;0.478018536274864
0;-4.36772696068446;-1.31054468481627;-0.229254623004234
0;-4.49807264154392;-1.70329698719513;-0.714817116728907
0;-4.55240032938315;-1.39533504438881;-0.278717515855243
0;-4.34620348875561;-1.13563602177153;-9.53893958335339e-05
0;-4.39584627392541;-1.28654443245992;-0.186820282255059
0;-4.40001497729058;-1.11766394917045;0.0432656997092575
0;-4.33408373884546;-1.10073715357333;0.0428601898517018
0;-4.47728612365625;-1.44323000510459;-0.370119398037971
0;-4.38290400925535;-1.41532386112138;-0.365725037022229
0;-4.24410098976581;-1.20607702734125;-0.131563039723789
0;-4.50378349627118;-1.21429510635841;-0.0508410550461652
0;-4.57037616000341;-1.23024734621779;-0.0488823618571209
0;-4.2622935268119;-0.676658671951862;0.591538963645783
0;-4.33337883451785;-1.25772629598848;-0.169903515596883
0;-4.25296984784327;-0.790648224849414;0.433934944852915
0;-4.14447663329805;-0.345263987643364;0.998473645825206
0;-4.8042525395536;-1.75786180115073;-0.680388581502412
0;-4.54986007327181;-1.01582465690227;0.234122853252958
0;-4.54530965332406;-1.21311469294837;-0.0345558209061522
0;-4.40174122087749;-0.665759229578892;0.655614451731254
0;-4.21017976031477;-0.308837284826554;1.07102248989777
0;-4.44949636712532;-0.925153708081256;0.321365585755275
0;-4.44787005474112;-0.618417615443098;0.73601548378025
0;-4.47762737226427;-0.889958096113098;0.378959090798545
0;-4.31504348542282;-0.692897307385688;0.588213961529387
0;-4.54224819150918;-0.922484984849576;0.357783454611589
0;-4.60485820572538;-1.40812482478713;-0.277477148868015
0;-4.45926130424795;-1.06792213090631;0.131555366171308
0;-4.31188515083392;-0.917182978717539;0.283483972185457
0;-4.42071600121012;-0.637961024057961;0.699955722140376
0;-4.43388224651454;-0.764589565766636;0.53319687663507
0;-4.23283040900202;-0.316512870205259;1.0686434114557
0;-4.13523224366604;-0.0774334388917298;1.3577631324966
0;-4.28026530453078;-0.456858571662946;0.895436231021422
0;-4.29376449809946;-0.905804719299148;0.292477524959699
0;-4.43722684490153;-1.13309038114819;0.0355445247023866
0;-4.30068456509663;-0.690683885662814;0.586131660671585
0;-4.40909820428331;-0.827196250220298;0.439681101478891
0;-4.5344638502147;-1.20725246066438;-0.0304562200650316
0;-4.46848505425325;-0.817098612312701;0.474354600232341
0;-4.47729066337427;-0.664179005717734;0.684474547768104
0;-4.45182465135523;-0.779789543182846;0.518966864125018
0;-4.44941062377865;-0.950177665803203;0.287460616771716
0;-4.34810843276244;-0.84904405847243;0.388534598000062
0;-4.55379623534724;-1.20353963990291;-0.0185925761412129
0;-4.50308738942477;-1.22895978201772;-0.0709386620672489
0;-4.54315937573116;-1.38374019084379;-0.26629011510468
0;-4.32322859284085;-0.244172694126389;1.19854226587818
0;-4.4770329273626;-0.74873059343716;0.569926881756919
0;-4.31774187112534;-0.95479698324577;0.234637783005825
0;-4.32619127199431;-1.0143513408915;0.157008192388762
0;-4.51512433714186;-1.70041746056247;-0.704888146990448
0;-4.43329881817675;-1.25175162187825;-0.126475124072255
0;-4.31543924896516;-0.769921075700408;0.484087752947713
0;-4.37129037128708;-0.83462869094547;0.416247698444423
0;-4.27130913772868;-0.615360014929447;0.677706965138238
0;-4.1415267098494;-0.7336709406142;0.471648285671215
0;-4.3298968548019;-0.884118679697406;0.33461326355617
0;-4.4020115765972;-0.953719102574494;0.265902119167413
0;-4.63786559844915;-1.33628866548375;-0.168559036111383
0;-4.75971017411606;-1.34609687040237;-0.138741270668938
0;-4.58244271888841;-0.912769292951541;0.385151814626051
0;-4.42090644418402;-0.566332938577287;0.796985191661766
0;-4.34353706728225;-0.735457213330237;0.540678959216057
0;-4.4374711714555;-0.862256457597921;0.402255694475383
0;-4.19841173730486;-0.627563098075826;0.635404823827654
0;-4.50734215509449;-1.14884168383433;0.0390211435901563
0;-4.5554396933619;-0.805334140073747;0.521034881990896
0;-4.61527378545693;-1.17424013646119;0.0428137227050466
0;-4.52515327953697;-0.970462075397503;0.286791148326355
0;-4.47150755371579;-0.968444617100439;0.270548284684824
0;-4.43127381352155;-0.857449812728563;0.40657046019595
0;-4.41127833842376;-0.971108349886336;0.245640042550696
0;-4.36533277938856;-0.963637287920558;0.239503119267195
0;-4.37953269344164;-0.952927411397147;0.259023301020026
0;-4.6548198628372;-1.65290658905796;-0.591164534951086
0;-4.4276994600789;-1.14910696407251;0.010493335408011
0;-4.2980661672403;-0.613858205072637;0.689203600102063
0;-4.69294178807734;-1.5760152821966;-0.473594376249704
0;-4.63935523298647;-1.19148067186839;0.0279927389058442
0;-4.5353850656561;-0.949470351791986;0.318826266703182
0;-4.55905476885207;-0.669748964046812;0.705853579275466
0;-4.65348890214813;-0.801839740093648;0.560444083605867
0;-4.60199531151152;-0.707606310029189;0.669794101248931
0;-4.46614821847075;-0.655217147711221;0.692665157374059
0;-4.59780329172762;-0.791856539737151;0.554262869366338
0;-4.80877772604775;-1.29422871427278;-0.0511733203628039
0;-4.24726541150961;-0.299528878010193;1.09673993920099
0;-4.76668999290091;-1.12966573702581;0.156707736185015
0;-4.49530996734833;-0.610640511756233;0.763322208397158
0;-4.53933407505616;-0.833101025610716;0.477750798553587
0;-4.55542221074657;-0.698022937304113;0.666294634382032
0;-4.65134066166353;-1.11989524999553;0.129136205410316
0;-4.71756368553811;-1.07708540831407;0.210509712355361
0;-4.61088644255567;-0.661991874809317;0.734686525740134
0;-4.73767623243305;-0.959363128942944;0.376982577842839
0;-4.48243623498385;-0.73193626599941;0.594572256341692
0;-4.57682782355891;-0.962121854016891;0.316357899084721
0;-4.32479192895162;-0.845467836386975;0.385128910431139
0;-4.29139954649131;-0.657743726218763;0.627438370223455
0;-4.48788967330256;-0.719066857077885;0.613922244711003
0;-4.58916848956844;-1.05717582131495;0.192049192424575
0;-4.37482349215918;-0.922113702392988;0.299069872909212
0;-4.5506648764746;-1.20827189394055;-0.02610609924381
0;-4.55161913716198;-1.02358923608291;0.224234192675261
0;-4.45691994229166;-0.927931938684457;0.32023035987223
0;-4.43410139796153;-0.847558611448866;0.420960149088109
0;-4.55995672099177;-0.92969367449426;0.354288437048824
0;-4.77428045006255;-1.10394917348224;0.194204608270025
0;-4.37161218740447;-0.311867809841447;1.12401688817172
0;-4.43393834071424;-0.825044015880516;0.451380225609818
0;-4.62105125312913;-1.27355555019043;-0.0895849822208125
0;-4.53184276525973;-1.11496248033517;0.0935486129201738
0;-4.47109647020102;-0.995546021775219;0.233716030695005
0;-4.55484429144813;-1.07828582457244;0.151332752381355
0;-4.27003301884988;-0.381653048314588;0.993622038119421
0;-4.44087864552572;-0.947545546113941;0.288006024627935
0;-4.27933189742809;-0.900544499639321;0.294493579392848
0;-4.31349960125922;-0.725177803715605;0.54397017247618
0;-4.45879960501171;-1.09333963836235;0.0969846822020786
0;-4.54482995198344;-1.18230033061138;0.00698756067272188
0;-4.57394635685571;-1.37517406594354;-0.243805251115132
0;-4.60543027137202;-1.20568880497001;-0.00323951387989185
0;-4.5922693660029;-1.10919287687086;0.122731049274588
0;-4.40437724486825;-0.582372168235526;0.769426884827029
0;-4.46496624271974;-0.703234872417344;0.627246066851971
0;-4.39438470161245;-0.585074769058279;0.762234158167108
0;-4.47287897321354;-0.807363971503169;0.489086349453592
0;-4.64577221552744;-0.916423708437509;0.40260378612191
0;-4.57151968597993;-1.07196622868935;0.16578541079178
0;-4.67531584724836;-1.15109759639643;0.0953776956993871
0;-4.62357031428314;-1.11313891314155;0.128460129443955
0;-4.73283485726706;-1.3555111882776;-0.160990813216326
0;-4.8210600896321;-1.29979368512428;-0.0543624269877679
0;-4.91589907980355;-1.94725664927555;-0.89728210816251
0;-4.75717286299352;-1.27689368547558;-0.0459591361403234
0;-4.60164387135044;-1.17567203638564;0.0360546331154911
0;-4.38332793994539;-0.697903012628753;0.605589219063679
0;-4.48384811979941;-0.83644326097793;0.453601711603475
0;-4.32841219453234;-0.409419745223476;0.976682621391501
0;-4.30084669507881;-0.313291500632001;1.09706071706748
0;-4.33780723465666;-0.372735961622373;1.02966395275331
0;-4.61952554675735;-1.04024423175239;0.225706230179229
0;-4.47657868277532;-0.632507717802276;0.727095785114517
0;-4.36961741964429;-0.614120644895624;0.714155189933272
0;-4.45425390903621;-0.750088717123153;0.560031729714933
0;-4.51636009634975;-1.04722657240257;0.179765887992309
0;-4.5191741300241;-1.04509727574457;0.183643583495477
0;-4.5465538604128;-1.16849275833;0.0262884382993769
0;-4.42681759857892;-0.779041126506811;0.511135281389343
0;-4.38482036117194;-0.696497409005621;0.608019820605151
0;-4.38894394206858;-0.808957170378322;0.457242803435103
0;-4.72622840633679;-1.27780930338232;-0.0581432944496895
0;-4.56267491880591;-1.2086358083113;-0.0223509126628123
0;-4.5628056966761;-1.13948734333951;0.0713008203562467
0;-4.80622146665398;-1.6371287290135;-0.516257229391054
0;-4.50055768724111;-0.872026077162262;0.41134364531691
0;-4.67014116791505;-1.43178516631701;-0.286416050194159
0;-4.31766388219793;-0.737751990475652;0.528421499157999
0;-4.24314772457142;-0.784043663755757;0.43940149136554
0;-4.5142875120896;-1.31050081808796;-0.177358466801126
0;-4.67791343532479;-1.73894357240254;-0.699463875746024
0;-4.46432180353075;-1.10174647964458;0.0875575760909185
0;-4.37522456809636;-0.821425447014719;0.435512257234797
0;-4.41104633804185;-0.992257402898572;0.216928757895132
0;-4.55528776172994;-1.60463617793197;-0.561024791520707
0;-4.62459766307542;-1.49614238264872;-0.389643882297314
0;-4.61420945476106;-1.48472102340416;-0.37785710950124
0;-4.68910084937814;-1.5252107873886;-0.406179414055185
0;-4.73883816007579;-1.53186829533818;-0.397600093326223
0;-4.85648959805962;-1.73568544972901;-0.63189306643271
0;-4.98135470179876;-1.93972232277059;-0.863932079876085
0;-4.98411032049288;-1.84854946196387;-0.739537800704185
0;-4.66181700779167;-1.23349179161218;-0.0209327583560356
0;-4.68543455307846;-1.0782481408628;0.197572031660159
0;-4.63628137809855;-1.25020151529582;-0.0525841756131259
0;-4.58934219937363;-1.1373677405263;0.0835557567227085
0;-4.56262160608687;-1.16647937441985;0.0346969089141291
0;-4.56465673504453;-1.17661857254475;0.0216913951233094
0;-4.55681231103867;-1.3366312071329;-0.197690342411485
0;-4.49963243834818;-1.11210625711678;0.0860226286898025
0;-4.57391693718414;-1.09304541343147;0.138098641925675
0;-4.6265723948517;-1.13455264191894;0.100534413341916
0;-4.61762693841225;-0.821270764890462;0.521456567375737
0;-4.83176558704702;-1.56441459039298;-0.408790279398769
0;-4.67813588877927;-1.35042137090247;-0.173447179624935
0;-4.58615688757794;-1.01851715353723;0.243315815662645
0;-4.66170931076859;-1.16521696872218;0.0714519896516259
0;-4.6944025538622;-1.25858543320004;-0.0433765998567047
0;-4.43970331971611;-0.926418209960476;0.316190156402731
0;-4.40061485567186;-1.04521292822521;0.141553980039264
0;-4.6154738771151;-0.954372118756865;0.340517288997246
0;-4.82637059396662;-1.53818819017836;-0.375196051074769
0;-4.73663142794197;-1.26214304324287;-0.0332566304464861
0;-4.66948694290592;-1.22469512306475;-0.00631204227570448
0;-4.84252806447262;-1.51726058325347;-0.341151880579504
0;-4.8410202313274;-1.68740808517726;-0.572011891970628
0;-4.85757073160555;-1.60338763742096;-0.4524206614465
0;-4.65215001214075;-1.14050511243079;0.101523130582995
0;-4.407366673294;-0.666966886386749;0.655969318206494
0;-4.56126598221655;-0.922786131591196;0.364102168671338
0;-4.48753272686226;-0.562133777225173;0.826234494563537
0;-4.62388915187506;-0.753028542675927;0.616050147994633
0;-4.88991363312515;-1.47341569941445;-0.265039839367302
0;-4.69429942717532;-1.27165464760224;-0.0611047191671067
0;-4.91880255932422;-1.71757888064581;-0.585343038277087
0;-4.71353839658578;-0.859448680687581;0.503698338719188
0;-4.56950022316146;-0.740461981933054;0.613824620216904
0;-4.33934848914825;-0.584748181074828;0.74321058384486
0;-4.47286728818973;-0.956772438254048;0.2868297007595
0;-4.36552560124909;-0.683175375907835;0.619229369207412
0;-4.36342330470724;-0.733155872196422;0.550827790628936
0;-4.35562606886577;-0.652527687953109;0.657215440155266
0;-4.31270246608372;-0.591982445854213;0.723993252558089
0;-4.67140061058522;-1.34545204441836;-0.169102449864639
0;-4.6441751597846;-1.20824663830468;0.00700159622130003
0;-4.20311004854842;-0.37079788115731;0.984646670863902
0;-4.43799479020278;-0.949721282842609;0.284040768626766
0;-4.33086673566164;-0.802025888544571;0.4460843624612
0;-4.52003296245905;-1.00372554949063;0.239951770612629
0;-4.52783401483833;-1.05518809717836;0.173046656306058
0;-4.5272666932129;-1.12539452811206;0.0778083664991734
0;-4.41283139281953;-0.846962500475351;0.414244142468885
0;-4.53273719012774;-1.12524262395106;0.0799488489842544
0;-4.79590264053056;-1.53557695215219;-0.382437411555793
0;-4.616378352321;-1.35443063813516;-0.200717405744421
0;-4.48823479717685;-0.977799375087654;0.263801089660578
0;-4.39557957906679;-0.774531683854836;0.506191135109587
0;-4.50101321316281;-0.781369511803704;0.534225505055187
0;-4.3318322597298;-0.297416114428005;1.12951028036473
0;-4.55017374905352;-0.737739798873835;0.610674057304723
0;-4.5176683220005;-0.870469085543512;0.419503160782372
0;-4.39555802790189;-0.617333896073595;0.718980342463005
0;-4.52135160080189;-0.927764230597392;0.343246117829364
0;-4.5751841872187;-0.700460902487684;0.669983971906181
0;-4.84870638742522;-1.26060258494036;0.00846828891695639
0;-4.75210980328773;-1.08863181248776;0.207098041236523
0;-4.43015407871387;-0.591990129690249;0.765524129908784
0;-4.36361632699662;-0.581626825083307;0.756019181363926
0;-4.41959254295138;-0.649467480107604;0.683982211269936
0;-4.49841389192888;-0.871191221617886;0.41171554398307
0;-4.87461869022564;-1.66039520618998;-0.523561482808599
0;-4.82197662712058;-1.41503528955173;-0.210039487185288
0;-4.69768239637352;-1.08308303322546;0.195359014425936
0;-4.5404957018047;-0.648695852525909;0.727788805521501
0;-4.7877899940507;-1.4558086335433;-0.277325309307598
0;-4.76502762193013;-1.46780585309437;-0.301616594974332
0;-4.77693062131528;-1.25280836058927;-0.00636701909241355
0;-4.8251884778522;-1.38099672680707;-0.162825883420697
0;-4.73077950448739;-1.08373058825979;0.206188491537153
0;-4.91864725982782;-1.28174025075662;0.00459175361383346
0;-4.72618069961778;-0.979094622864783;0.346206445223102
0;-4.77661734818885;-0.82412504292739;0.573825835828917
0;-4.91486479881463;-0.841779672170951;0.598823494712042
0;-4.86672354769066;-1.0890882813982;0.247017682199537
0;-4.74734531654945;-0.758125354939662;0.652815671678073
0;-4.73417803085671;-0.806871465573215;0.582171507837437
0;-4.57688361091552;-0.731290374848754;0.628851537772284
0;-4.77314402200145;-1.321043004168;-0.100074744467313
0;-4.81167142070617;-1.2546627798886;0.00341009442289819
0;-4.75374075305624;-0.715798330468207;0.712375267873677
0;-4.73452076314538;-0.813637508511705;0.573133614108606
0;-4.76304693946274;-0.9690411555819;0.372854871014324
0;-4.41870694448347;-0.392206004523298;1.03192087355737
0;-4.63444324473359;-0.888130797161002;0.436896647220896
0;-4.67281792921867;-1.25457772772059;-0.0455856476795832
0;-4.55720976852092;-0.85678681954008;0.452010039194158
0;-4.61020559826685;-0.940776212619263;0.35705858072652
0;-4.52481355553704;-0.495993632608748;0.92895344296451
0;-4.68189060469386;-0.612741178265577;0.826469976906845
0;-4.65845714680821;-0.866300642512862;0.474941315252398
0;-4.79791426360132;-0.993383945765934;0.352234486936053
0;-4.48071482463606;-0.336040508677382;1.12988292764147
0;-4.66359947360476;-1.02532102483543;0.261496041916655
0;-4.36370678026906;-0.167994208000806;1.31598087010442
0;-4.48955976546909;-0.269800334972238;1.2226798391574
0;-4.66512372273793;-0.685193233730593;0.722462213717086
0;-4.89675621353313;-0.996207623835193;0.383371362654125
0;-4.81966233717743;-1.02052806162467;0.323181853243962
0;-4.49219678324808;-0.467199531476896;0.956395509458294
0;-4.9812072789405;-1.30942216998797;-0.0107541845167303
0;-4.72333483515455;-1.08761606361797;0.198295674860123
0;-4.68787213008872;-0.915268852068683;0.419057355394403
0;-4.72069529283529;-0.831763680165903;0.543706515719621
0;-4.79469838782571;-1.01328165412152;0.324161770825341
0;-4.90212313624749;-1.27438646767808;0.00870209317042903
0;-4.83794006817853;-1.15658143323307;0.145472597811587
0;-4.78588938056647;-1.15681470203704;0.126747097480893
0;-4.73744408702196;-1.07424693389471;0.221383590788363
0;-4.62783886316917;-0.818507165275495;0.528809460099195
0;-4.70684798902559;-1.02230752033112;0.2808718885617
0;-4.49200686105198;-0.837247542485706;0.455398617566522
0;-4.36723073361871;-0.78804145243474;0.477876458197355
0;-4.45516182091658;-0.635900106907627;0.714928650479592
0;-4.58561990337457;-1.1083407093727;0.12153278044145
0;-4.68615421725906;-1.05997984367174;0.222556151485467
0;-4.87740062158724;-1.52977379412216;-0.345756848922021
0;-4.9252078102386;-1.46669282389766;-0.243456017614478
0;-4.77526872234912;-1.11240654689466;0.183105500054306
0;-4.8675751776582;-1.03469832815391;0.320945945408949
0;-4.76167362412217;-1.02420787768022;0.297690590687445
0;-4.78236216261493;-0.990522700428548;0.35060712320438
0;-4.77477457668992;-1.00219518470791;0.332122574539441
0;-5.1124694156571;-1.37406781127394;-0.0518383407612449
0;-4.76109582084227;-1.05710609783646;0.252952287675674
0;-4.75731700487442;-0.921737011789505;0.434863332437628
0;-4.81818029647737;-0.834569431650108;0.57438772221832
0;-4.98332075880327;-1.49551134512826;-0.261913438235285
0;-5.11377847448601;-1.73171700096348;-0.53552091915851
0;-4.80390224439232;-1.1592115632396;0.129873436048034
0;-4.85620682720641;-1.30307289307002;-0.0463704577603737
0;-4.83687853553397;-1.30047465081666;-0.0496894407615852
0;-4.7835897277717;-0.855523547705563;0.533788092680465
0;-4.92091523635781;-1.07421300251093;0.286321149816543
0;-4.69212036570482;-0.723126459519403;0.680660844897138
0;-4.86160831903893;-1.09548359703818;0.236551219985543
0;-4.76352850658816;-0.894421713720471;0.474036672369512
0;-4.84169056472616;-1.08545400018787;0.243083489745383
0;-4.61816828702213;-0.534041312346617;0.910467228656607
0;-4.33342732407097;0.107692793228481;1.67846568565786
0;-4.57847275973179;-0.521678830094018;0.913162328564425
0;-4.53665382351209;-0.443037347622978;1.00482752035975
0;-4.47724740143758;-0.382932539878689;1.06517933904936
0;-4.28111358536293;0.0662526143318162;1.60386582892255
0;-4.43714674452462;-0.437107765335955;0.977659822844258
0;-4.48922157551555;-0.467957425117799;0.954317260977335
0;-4.70613841002627;-0.989222769135534;0.325407364243514
0;-4.42027858260139;-0.403681033087483;1.01694313017233
0;-4.6230356017907;-0.849295552738392;0.485432717509539
0;-4.59955876609838;-0.930444711167275;0.367278553346044
0;-4.504686182425;-0.706605133634432;0.636732267092765
0;-4.61941722464658;-1.18442695544065;0.0304894300923904
0;-4.61765242762688;-1.01138311759103;0.264112686483066
0;-4.65505279184114;-0.768866423792661;0.605632810776921
0;-4.53170668010375;-0.5654666075133;0.837346697766246
0;-4.42979951217813;-0.535730029183075;0.841557372096426
0;-4.51550020081207;-0.641752492910026;0.728347331226951
0;-4.48701006158811;-0.738670925117678;0.587073335719914
0;-4.56879344901428;-0.825850033759724;0.497985822802118
0;-4.52367956972432;-0.807107731947578;0.507400802240928
0;-4.5189863343461;-0.611050161653925;0.771141727616998
0;-4.54248768270948;-0.780153894114791;0.550540113546769
0;-4.74543714649273;-1.08352471335282;0.211651420708646
0;-4.69423050172372;-0.792555782613269;0.587421502842954
0;-4.89373983984198;-1.3258843827132;-0.0639751147485078
0;-4.68528570125687;-0.934847104994664;0.391639710523417
0;-4.57701089813562;-0.505660428621882;0.934329210068871
0;-5.04817312332592;-1.55724922441155;-0.322549760060381
0;-4.6885053814089;-1.00065109122466;0.303700378055906
0;-4.70103919666803;-1.1081214470241;0.162652064344361
0;-4.58909664845534;-0.91666586506486;0.382230487997807
0;-4.4917448837193;-0.602279906243137;0.773378934614412
0;-4.64388346066511;-1.10831336396533;0.142176944897795
0;-4.42966326081618;-0.323628077815301;1.12862914344207
0;-4.73883138177223;-0.904498502704058;0.451660751699008
0;-4.79243144788075;-1.27696061971029;-0.0335791899879357
0;-4.88747522084455;-1.18815732790914;0.120248685264721
0;-4.99764629786773;-1.51738446542204;-0.28645605083846
0;-4.65226481822459;-0.824517907366139;0.529311966146311
0;-4.59374123599981;-0.867752754998531;0.450086337140252
0;-4.50150919298275;-0.437447157809255;0.999964645833621
0;-4.82090058062672;-1.2073895779023;0.0706675292372761
0;-4.38633279432265;0.0213135232887487;1.58024711937675
0;-4.48245038993283;-0.508637974645891;0.896853580788124
0;-4.53371130592148;-0.696024952395137;0.661320387192596
0;-4.46854214841465;-0.627266104915539;0.731348866556145
0;-4.42460953638642;-0.651564947057134;0.682917347119085
0;-4.4833608470067;-0.678505657959804;0.667227677937559
0;-4.30786592497695;-0.218672408002992;1.22762811049472
0;-4.35302433723178;-0.431688519136557;0.955242669953161
0;-4.52202984522314;-0.916224949417963;0.359106596706626
0;-4.5617664509032;-1.03281783997835;0.215330525841535
0;-4.56344715891931;-1.21853736053868;-0.0354813971451756
0;-4.55743228859895;-0.805660615820559;0.521297693464795
0;-4.705336914157;-0.947269608174199;0.381915393863624
0;-4.57341205982838;-0.45896615655368;0.996265839324193
0;-4.67581565804083;-1.02144211540847;0.271067600151461
0;-4.75461430033743;-0.997781838556663;0.330966413348922
0;-4.36120080958838;-0.16177282460021;1.32351635207263
0;-4.70268114247969;-0.774452061367639;0.614917195236934
0;-4.88976400608233;-1.19725846190625;0.10873810219123
0;-4.62279399375047;-0.757777233542475;0.609234555233875
0;-4.38110103473415;-0.265951331281137;1.18952959059123
0;-4.55173447829659;-0.682506944277739;0.685994146562764
0;-4.65243665511796;-0.594053610840301;0.841349599312613
0;-5.07475050687774;-1.45457817693381;-0.174165035292219
0;-4.77890477751378;-0.763484939331425;0.656722681032562
0;-4.68130108895662;-0.585579700752381;0.863029650405355
0;-4.53335854867567;-0.347152604326124;1.1334600892818
0;-4.52002547815314;-0.679396857634168;0.678989127806861
0;-4.39740042376541;-0.276771340981613;1.18064757407557
0;-4.65047993597696;-0.806393348527667;0.553215679878551
0;-4.7992663367328;-1.02464081836589;0.310400632151903
0;-4.56923276862587;-0.690751612968532;0.68102237697024
0;-4.96489184215388;-1.25546131746016;0.0565214167700808
0;-4.79447610130939;-0.873294378355221;0.513582309062879
0;-4.52301565036236;-0.422680184596455;1.02756111250419
0;-4.55871150357263;-0.495303473754376;0.941877015747845
0;-4.77931536414456;-0.629279276951667;0.838540555926562
0;-4.77039009446645;-0.772659037478976;0.641292265274319
0;-4.87414812434253;-0.949678824801529;0.438360640485203
0;-4.61209952137819;-0.439023253522451;1.03694562515186
0;-4.63003037796296;-0.756070244369272;0.614104712281423
0;-4.54490337303901;-0.681830612725313;0.684493605740783
0;-4.58317871191853;-0.893820279689973;0.411063187259498
0;-4.41823550979126;-0.333487696733458;1.11124042763512
0;-4.51836799275161;-0.7612361437515;0.567617997955795
0;-4.49520320028287;-0.855216658761636;0.432204540669068
0;-4.62855862552859;-0.773860011205076;0.589502368542146
0;-4.76527844650284;-0.846026588521212;0.54016752794531
0;-4.85362601460471;-1.06060259924709;0.280945974948446
0;-4.84147301263422;-1.19253071857446;0.0980580270940259
0;-4.77033544859772;-0.958570043743168;0.389607355675323
0;-4.8157292474234;-1.02046053167436;0.321882179337277
0;-4.7064131599603;-0.779686554537778;0.609151293768347
0;-4.93533705816409;-1.11001425501048;0.242958239604254
0;-4.81207614197487;-1.01185787913045;0.332235429523658
0;-4.6853746972344;-0.619742029204661;0.818225289139415
0;-4.7624585490084;-0.765491713328481;0.648189293174736
0;-4.84669674021504;-1.0422541429165;0.303333264044759
0;-4.9019851488233;-1.22653706619576;0.07342647075841
0;-4.75968063436391;-1.00411949581726;0.32417910374361
0;-5.04977232256525;-1.17321464069643;0.197879038778614
0;-4.87577986133802;-1.07085880723615;0.274897824370472
0;-4.516135231801;-0.497631065118583;0.923667446613197
0;-4.67465877958385;-0.848687970820964;0.504513715893563
0;-4.57635572999362;-0.63700372541686;0.756299580752053
0;-4.77347964500493;-0.669408563050838;0.782153978350781
0;-4.73349156570186;-0.662855501032334;0.776881460916083
0;-4.57202900021852;-0.273114736530754;1.2473615878937
0;-4.72963035612766;-0.833232813257571;0.544877995911619
0;-4.69091684719668;-0.539524422178576;0.928775131723265
0;-4.8396425442153;-0.879354886940866;0.521353117789385
0;-4.8804591359528;-0.816670208794823;0.620644999697312
0;-4.84290070738551;-0.93382002967805;0.448776657798247
0;-4.7335665203229;-0.780258013866805;0.617981545825141
0;-4.69486548809724;-0.807773970613171;0.567045404857682
0;-4.51968589868813;-0.551329031754785;0.852232959235823
0;-4.54706551420001;-0.531106582504235;0.889291709009109
0;-4.48487379016987;-0.104281486167781;1.44508341776904
0;-4.69935385341821;-0.986284674810009;0.326985009284894
0;-4.79232838557667;-1.01281630624211;0.323953464452234
0;-4.77139851474795;-0.985664522329204;0.353305867162562
0;-4.65589856836551;-1.0377578436265;0.241936742718286
0;-4.64801496717134;-1.14527959736127;0.093597447828164
0;-4.57962499045014;-0.859056508742031;0.456865592245474
0;-4.60794458996335;-0.60529484378669;0.810396142524003
0;-4.70171151985885;-1.10098154402186;0.172555061523057
0;-4.57605195560487;-0.688393660433707;0.686626177758931
0;-4.55988393430973;-0.607469603241174;0.790453696943646
0;-4.72155092941719;-1.01137877055797;0.300866271111031
0;-4.50396636815025;-0.799873646028445;0.510221169081377
0;-4.38803519506637;-0.621825205267904;0.710239769990995
0.0519407270535375;-3.63552166927782;-1.55056040140633;-0.813133681381167
0.103881454107075;-3.87837271723017;-1.86388931336249;-1.15138979984589
0.155822181160613;-3.70597317908288;-1.70385120287054;-0.995723783546435
0.20776290821415;-3.78365524855997;-2.02259169318946;-1.39972385319428
0.259703635267688;-3.81918625346549;-1.63734627397186;-0.865654672554112
0.311644362321225;-3.77427886034815;-1.62290325954705;-0.861986557022161
0.363585089374762;-3.89068612421833;-1.818635853511;-1.08577560406618
0.4155258164283;-3.98588813249406;-1.78430597478568;-1.00563179294713
0.467466543481836;-3.84226946266975;-1.54230680726686;-0.728836579646952
0.519407270535374;-3.48782002539413;-1.24067291793899;-0.445882939630897
0.571347997588911;-3.73891444931589;-1.91390904787129;-1.268425715421
0.623288724642449;-3.5365659604021;-1.03042751242636;-0.144035288216653
0.675229451695986;-3.59052838040311;-1.45205257743731;-0.695698384419535
0.727170178749524;-3.48078133962955;-1.36755725602348;-0.620134304496551
0.779110905803061;-3.35724549715488;-1.19927100851682;-0.436020355578309
0.831051632856599;-3.11501906113372;-1.07455489499903;-0.352866285935506
0.882992359910136;-3.3073732346063;-1.19670101889509;-0.450180633569659
0.934933086963674;-3.30507285617125;-1.40058897842153;-0.726995026844914
0.986873814017211;-3.18033108875115;-1.25083481682373;-0.568394270309056
1.03881454107075;-3.41047927094821;-1.7866628304027;-1.21233770977499
1.09075526812429;-3.25899571026104;-1.50591616339136;-0.885872174991028
1.14269599517782;-3.11074405054378;-1.22349769816168;-0.556000460221474
1.19463672223136;-3.11464762455176;-1.34356932832901;-0.717159390160373
1.2465774492849;-2.85994340099546;-0.629701955123505;0.159108685935749
1.29851817633844;-3.05125072087186;-0.745251891896443;0.0703532606008326
1.35045890339197;-2.91376575839191;-0.882436968757471;-0.163979436852307
1.40239963044551;-2.87937591429827;-0.873392779730057;-0.16389971329028
1.45434035749905;-2.7904717142639;-0.531098011492839;0.268016372366462
1.50628108455259;-2.86839712730371;-0.903690661074551;-0.208796675498152
1.55822181160612;-2.75542102126725;-0.74311669504206;-0.031387896120238
1.61016253865966;-2.59854850573994;-0.621455782298817;0.0778190793974298
1.6621032657132;-2.48726214098281;-0.191818648395859;0.620053203530392
1.71404399276674;-2.66356129279828;-0.970899375711541;-0.37222440516732
1.76598471982027;-2.55696029266459;-0.48564301410374;0.246957984484536
1.81792544687381;-2.38557445900241;-0.28333261961893;0.460206038966737
1.86986617392735;-2.60345756450282;-0.470839497224959;0.283442882334354
1.92180690098089;-2.62402611069972;-0.660569073777802;0.0338830030829727
1.97374762803442;-2.7983699219621;-0.89811824743986;-0.22602117726467
2.02568835508796;-2.37071571569976;-0.0816172339428863;0.728010460935021
2.0776290821415;-2.23147380624188;0.403489435722586;1.33544550169418
2.12956980919504;-2.14067884241841;0.53638231095441;1.48322792197807
2.18151053624857;-2.20256746478799;0.286115715495054;1.16633421312273
2.23345126330211;-2.13010255314802;0.45215825572699;1.36547407980567
2.28539199035565;-2.13471230963449;0.437535212150328;1.34730945223448
2.33733271740918;-1.8592342095254;0.897863720075883;1.87301741446067
2.38927344446272;-1.75437192039072;1.20191620265501;2.24752116789854
2.44121417151626;-1.75623503246848;1.23000314535107;2.2862010990576
2.4931548985698;-1.77837869018021;0.962122410182938;1.9314059977525
2.54509562562333;-1.9496529859632;0.376481764608746;1.1992087600133
2.59703635267687;-2.0222883508292;0.140189343812533;0.90503272870438
2.64897707973041;-1.67720956250802;0.561671075423546;1.35353729893529
2.70091780678395;-1.75810341033752;0.629386908667878;1.47381465999654
2.75285853383748;-1.69093853086561;0.631855219800602;1.45340054212569
2.80479926089102;-1.43469630178823;0.997415497808927;1.85762535146356
2.85673998794456;-1.37085924046677;1.13469374988444;2.02087890449411
2.9086807149981;-1.39817969141208;1.21239934512751;2.13573099926761
2.96062144205163;-1.15440247242485;1.72483127993353;2.74318300421029
3.01256216910517;-1.457246287787;1.14011324602745;2.05876931473324
3.06450289615871;-1.40192520375325;1.38822819495248;2.37507322698276
3.11644362321225;-1.40275961873133;1.11543110689717;2.00608608251388
3.16838435026578;-1.19008671048035;1.51828336691416;2.4762025827594
3.22032507731932;-0.968525658673138;1.62177229572309;2.53793076534698
3.27226580437286;-0.967527606478067;1.81312804070234;2.79661382771319
3.3242065314264;-1.12656142154262;1.18633177627854;2.00437538740948
3.37614725847993;-1.18519308862782;1.16577783079967;1.99728909228124
3.42808798553347;-0.820454692952542;1.84607169770119;2.78919128482318
3.48002871258701;-0.859881493181477;1.81483050077113;2.76084524123966
3.53196943964055;-0.73911789109541;1.99120970002218;2.95689503487137
3.58391016669408;-0.798883286215928;1.86162130834848;2.80261105574285
3.63585089374762;-0.624731575563301;1.87674354314004;2.76148640164562
3.68779162080116;-0.539556362312341;1.88445390627784;2.74179834198464
3.7397323478547;-0.765243623751545;1.28050960776974;2.00406889817406
3.79167307490823;-0.499138465525001;1.95084601180035;2.81737722514556
3.84361380196177;-0.596585219594109;1.74644155131843;2.57514305922174
3.89555452901531;-0.231161152429482;2.44019245676295;3.38501937532976
3.94749525606885;-0.281777507873723;2.48441725609204;3.46278839572692
3.99943598312238;-0.209471645948924;2.23317884318452;3.09711610961078
4.05137671017592;-0.211652749793761;2.02829459531275;2.82053810083227
4.10331743722946;0.00766683823891556;2.51995671013626;3.40852462194071
4.155258164283;-0.016142490834135;2.69740818752571;3.65715972209871
4.20719889133653;-0.0278170246036279;2.35992851325143;3.2044465325395
4.25913961839007;0.048721693532791;2.43844231909578;3.28365890409471
4.31108034544361;-0.116674727715467;2.19619241114671;3.01422680552483
4.36302107249714;-0.181559441768781;1.65661964978825;2.3067623642808
4.41496179955068;0.0225770121785667;2.07497039380151;2.8008782286059
4.46690252660422;0.271371794872777;2.58847306601587;3.40800502407937
4.51884325365776;0.426139794668932;3.12771071371462;4.08322514577941
4.57078398071129;0.422845038563427;3.01030538993398;3.92546023214086
4.62272470776483;0.265107496487998;2.6294844636811;3.46573728942313
4.67466543481837;0.444018195943722;3.06198214587905;3.98792575859456
4.72660616187191;0.301862604543293;2.50555443786506;3.28497478760216
4.77854688892544;0.500509803851837;2.88645410520624;3.73033504794752
4.83048761597898;0.428957176384975;2.64839529679911;3.4333849264178
4.88242834303252;0.854175231756521;3.48342666751593;4.41336253360176
4.93436907008606;0.698449008169229;2.71744416480678;3.4315394331691
4.98630979713959;0.930572530307146;3.26193492956307;4.08651088393004
5.03825052419313;0.519590021481861;2.5983928727185;3.33364143190703
5.09019125124667;0.770792881259571;3.04501057367463;3.8493751052291
5.14213197830021;0.805436683547385;3.07510818906437;3.87786478681961
5.19407270535374;1.07516612257396;3.71422517544267;4.6476298824262
5.24601343240728;1.0657227947137;3.55733591636979;4.43859070042164
5.29795415946082;0.978639022842612;3.35323530348328;4.19310258236299
5.34989488651436;1.14015181156527;3.23357683459802;3.97399708707088
5.40183561356789;1.10894490984281;3.33447369559232;4.12161752319549
5.45377634062143;1.2010723999231;3.57445511667714;4.41389317202633
5.50571706767497;1.31482640620668;3.52350097441863;4.3046836599379
5.55765779472851;1.45089168797635;3.78897941506246;4.61593404020819
5.60959852178204;1.40217975885714;3.33274544605333;4.01556423239732
5.66153924883558;1.34830987436003;3.22830845823407;3.89324224416164
5.71347997588912;1.50890427248882;3.6966943118476;4.47049038071892
5.76542070294265;1.58885832670668;3.52363933978851;4.20794903821296
5.81736142999619;1.56197718699703;3.38107212732801;4.02446499794579
5.86930215704973;1.67616314435541;3.52595744798975;4.18020832884326
5.92124288410327;1.95045469789294;4.2384029874984;5.04762387269658
5.9731836111568;1.88848117408286;3.91202924809694;4.62773483075115
6.02512433821034;1.89500316315886;3.89690090880558;4.60494902036834
6.07706506526388;1.96564444883593;3.97837653223651;4.69025662393082
6.12900579231742;2.25861034305061;4.37454755533188;5.12293010913573
6.18094651937095;2.38680338752146;4.37247242858144;5.07478063476657
6.23288724642449;2.62260562304202;4.83124725553271;5.61241829206776
6.28482797347803;2.67212260640146;4.98121201912757;5.79791027540253
6.33676870053157;2.63868773924597;4.80149601060488;5.56645631666359
6.3887094275851;2.5098296804497;4.47979195209232;5.17654485534115
6.44065015463864;2.61048848275928;4.70040280404712;5.43958136186001
6.49259088169218;2.69364545080812;4.80259497503638;5.54850606428075
6.54453160874572;2.69979064204775;4.5959765995272;5.26663567254172
6.59647233579925;2.70552022515358;4.61113954898615;5.28513509472841
6.64841306285279;2.87741100449647;4.78010139541114;5.45306101140824
6.70035378990633;2.91894764139521;4.95699839984767;5.67783341448787
6.75229451695987;2.87444668446032;4.43275500859218;4.98391066503547
6.8042352440134;2.8907977750432;4.45597682251416;5.0095625744485
0.0519407270535375;-4.68147004509631;-0.731418295864689;0.665669386411139
0.103881454107075;-4.65439661205102;-0.50682512792623;0.960123003311911
0.155822181160613;-4.78049446529965;-0.873003118906547;0.509031440439939
0.20776290821415;-4.70037404053025;-0.670085598437948;0.755380875402851
0.259703635267688;-4.52292323993304;-0.237318578886136;1.27845029280456
0.311644362321225;-4.49251354881954;-0.266961561810403;1.22756737265608
0.363585089374762;-4.54585142622686;-0.449736250259461;0.999012379082014
0.4155258164283;-4.71789413109249;-0.859135361243392;0.505663048620107
0.467466543481836;-4.17907995968382;0.208178328468275;1.7599009140096
0.519407270535374;-4.38021683781316;-0.266471985289102;1.18851205703519
0.571347997588911;-4.32235094350088;-0.197037718086334;1.26203792411944
0.623288724642449;-4.09503610470857;0.28414216459184;1.83300694078607
0.675229451695986;-4.18473258523303;-0.0162893437278855;1.45804088703565
0.727170178749524;-4.19444860159229;-0.171014241006761;1.25202802336684
0.779110905803061;-4.09048402428572;0.0617831286126537;1.53039206366305
0.831051632856599;-4.04139134917208;0.0747945277580087;1.5306419322219
0.882992359910136;-4.12630384062571;-0.146047963171901;1.26172257041125
0.934933086963674;-4.10734037760006;0.010696858577303;1.46719906742456
0.986873814017211;-4.03024190052267;-0.0934007477736666;1.29901449910303
1.03881454107075;-4.02723729306395;-0.159502217379308;1.20847100818576
1.09075526812429;-3.84864010762989;0.0643665642062679;1.44835183046222
1.14269599517782;-3.86053033289728;0.0306336764080681;1.40689344520046
1.19463672223136;-3.91943291275936;-0.190706354557378;1.1281011638636
1.2465774492849;-3.92892392300984;-0.424861558417559;0.814484829500156
1.29851817633844;-3.88567478077618;-0.0724393108072842;1.27625803366346
1.35045890339197;-3.8365649969141;-0.474681564004912;0.714377777883058
1.40239963044551;-3.68746961006271;-0.203176101657043;1.02917827014937
1.45434035749905;-3.53316607947797;0.220660289410676;1.54834532097932
1.50628108455259;-3.52042886556013;0.0761440247478061;1.34821031715369
1.55822181160612;-3.45076012679171;0.0997728908095247;1.35555541198008
1.61016253865966;-3.19618600985081;0.557802558598808;1.88554495827887
1.6621032657132;-3.29761630323149;0.415958616071626;1.72940717480911
1.71404399276674;-3.45928741662281;-0.159660156574628;1.00737989600482
1.76598471982027;-3.238184398137;-0.0581605683845164;1.06657713226838
1.81792544687381;-3.20776439234728;0.0116762523675048;1.15035522522506
1.86986617392735;-3.1283857987847;0.176258635425609;1.34507320455995
1.92180690098089;-3.27813148256337;0.198632829480226;1.42832421149249
1.97374762803442;-2.91282105096969;0.6787638068397;1.9490658897605
2.02568835508796;-2.69053783206548;1.26688851001039;2.66658450060179
2.0776290821415;-2.60997650220935;1.60204050758227;3.09178227693014
2.12956980919504;-2.79411624299745;1.06204127007393;2.42591964545863
2.18151053624857;-2.71570683508955;0.919559664116265;2.20531143909447
2.23345126330211;-2.62656633156084;1.2784696558302;2.65963578305603
2.28539199035565;-2.74749099562271;1.10670429326359;2.46988865261691
2.33733271740918;-2.54922817679953;1.18915876986867;2.51138305611682
2.38927344446272;-2.3037455896082;1.61653631736623;3.00309475026479
2.44121417151626;-2.31485808082383;1.44149739926192;2.77007694825086
2.4931548985698;-2.27298397524357;1.59581115247735;2.96415930620445
2.54509562562333;-2.24379154950986;1.25865196983568;2.49742579088653
2.59703635267687;-2.01630668021466;1.8288724194449;3.1888678568018
2.64897707973041;-2.06814758416968;1.61544299825328;2.91828644334274
2.70091780678395;-2.19485181472256;1.03780528698359;2.18115876803444
2.75285853383748;-2.06645849201595;1.59817401424865;2.89431220675861
2.80479926089102;-1.90253543699652;1.55264413436139;2.77470124288762
2.85673998794456;-1.74017457324711;1.73561912323109;2.964967209728
2.9086807149981;-1.85962183467077;1.62098997985394;2.85204217905665
2.96062144205163;-1.74206904658785;1.61711235888105;2.80521602487066
3.01256216910517;-1.65668721483692;1.77897557897525;2.99412982869419
3.06450289615871;-1.68763169790741;1.78933543442974;3.01909855163724
3.11644362321225;-1.53001850345675;2.13079410008288;3.42558123711725
3.16838435026578;-1.48749002865045;1.93502177954986;3.14552467754612
3.22032507731932;-1.47522912288278;1.93189540620192;3.13695600129155
3.27226580437286;-1.38148947856349;2.30571333707729;3.609834387336
3.3242065314264;-1.39973370171221;2.25585457308762;3.54879392538554
3.37614725847993;-1.24480744519827;2.67866956248265;4.06635806559896
3.42808798553347;-1.10424998224075;2.72152702760568;4.07466016988168
3.48002871258701;-1.22384646367863;2.32979020400052;3.58667045035785
3.53196943964055;-1.25769403456642;2.33459877625357;3.60515125397759
3.58391016669408;-1.2318216907653;2.5454964031758;3.881490186576
3.63585089374762;-1.43628714726567;2.06300785435902;3.30066808105611
3.68779162080116;-1.19782374335283;2.34179737137527;3.59372047852749
3.7397323478547;-1.11184698582994;2.4413201420108;3.69803431755024
3.79167307490823;-1.04258700962332;2.68331640254391;4.0011254068186
3.84361380196177;-0.941639010582334;2.90959502092626;4.27173201774634
3.89555452901531;-0.998997254483455;2.54558688328851;3.79926535437054
3.94749525606885;-1.01597143052015;2.34751165458326;3.53713677497699
3.99943598312238;-0.888095215383439;2.60770584191462;3.84413030085694
4.05137671017592;-0.83324961262564;2.69573984843824;3.94390266248052
4.10331743722946;-0.928019836829872;2.29289094507179;3.43208988847285
4.155258164283;-0.55272751309924;2.92800883636022;4.15910508213102
4.20719889133653;-0.735320991136995;2.57346857852165;3.74374923418956
4.25913961839007;-0.513742977254794;3.21298252024908;4.53108228661261
4.31108034544361;-0.578864754631935;2.95391259673834;4.20341514383342
4.36302107249714;-0.612025743782168;2.73625606769868;3.92050467318038
4.41496179955068;-0.491969549498337;2.90056795337344;4.10046928576556
4.46690252660422;-0.381520142224192;3.1263275685809;4.36701278973497
4.51884325365776;-0.278761133044982;3.08807524760243;4.27888638990093
4.57078398071129;-0.147273372559194;3.15144984376026;4.31817014651418
4.62272470776483;-0.0773409231182794;3.11505254417632;4.24416524276379
4.67466543481837;-0.228215145957636;3.02884103295521;4.18082418581508
4.72660616187191;-0.00274061739950437;3.42016209323286;4.6308032489046
4.77854688892544;0.221334828075727;3.75675278368703;5.00718928200436
4.83048761597898;-0.026221861162071;3.2576061574397;4.41905820079416
4.88242834303252;0.248177585267714;3.54861396513147;4.71594019404475
4.93436907008606;0.0502445808404093;3.08250836199586;4.15498504002615
4.98630979713959;0.122454185652777;3.28232373512275;4.39993309961316
5.03825052419313;0.308393726621953;3.62473320464013;4.7976841756965
5.09019125124667;0.450146468747539;3.73894885327318;4.90216027240306
5.14213197830021;0.343869733029612;3.45003353691108;4.54864779946552
5.19407270535374;0.615625422989905;3.72007296609652;4.81808020703692
5.24601343240728;0.74341177335171;3.93376610158406;5.06215758023648
5.29795415946082;0.885080376442068;3.99600320326073;5.09630067726324
5.34989488651436;0.912629248273773;4.13430819475953;5.27377882910199
5.40183561356789;0.886370674117323;4.10715844636907;5.24631388267773
5.45377634062143;0.829641992347616;4.07243393640077;5.21937199413668
5.50571706767497;0.950357072460956;4.38885452369891;5.60501135901024
5.55765779472851;1.00347052709394;4.23357633824616;5.3760274572945
5.60959852178204;1.05246136862106;4.27247138744604;5.41135174135034
5.66153924883558;1.00347404474033;4.08568910726527;5.17583297659974
5.71347997588912;1.11184738032292;4.33862457146079;5.47989839605412
5.76542070294265;1.32076830921202;4.90635741907947;6.17453887520156
5.81736142999619;1.30992886160172;4.38648090441342;5.47462182908076
5.86930215704973;1.42983945390773;4.65616832672193;5.79728358630213
5.92124288410327;1.30577849202008;4.08664369617457;5.0702036010668
5.9731836111568;1.3696952040491;4.19861236654656;5.19916769412493
6.02512433821034;1.64195963093113;4.44330952695681;5.43411463077438
6.07706506526388;1.72606861541602;4.6737623748358;5.71632761292613
6.12900579231742;1.86245269962627;4.87751176258084;5.94390333049065
6.18094651937095;1.60936306440374;4.31654156214743;5.2740393300325
6.23288724642449;1.72738423232119;4.28101292264772;5.18420189708473
6.28482797347803;1.81779960541091;4.3520357548984;5.24836581161622
6.33676870053157;1.68616478715518;4.23679027270128;5.13891704829316
6.3887094275851;1.76844385611477;4.30236030159761;5.19857728270149
6.44065015463864;2.17285795976227;4.90631250595964;5.87310380870556
6.49259088169218;2.28586288814841;4.96483091057405;5.9123509591581
6.54453160874572;2.24017579503407;4.97154649246958;5.93760076197596
6.59647233579925;2.28060166601006;4.99911911465435;5.96062733851286
6.64841306285279;2.41977381334103;5.31398958471332;6.33764027607937
6.70035378990633;2.3628394519457;4.80188627563702;5.66454896721722
6.75229451695987;2.45927412880972;5.21875561370992;6.19475234407487
6.8042352440134;2.45893039252062;5.1520472504392;6.10457157872411
6.85617597106694;2.55923198151354;5.30142655057458;6.27130909846377
6.90811669812048;2.62464492347874;5.37792195685059;6.35172424436874
6.96005742517402;2.59389752091884;5.0017321744236;5.85335548189619
7.01199815222755;2.79142519026998;5.30010173053351;6.18739164867152
7.06393887928109;3.01889755032637;5.67126276903626;6.60937371319725
7.11587960633463;3.03309235431179;5.56477777291224;6.46020566557518
7.16782033338817;3.09550054302131;5.65380317528937;6.55864526900903
7.2197610604417;3.19012263349015;5.62695573395682;6.48883545720002
7.23645656504583;3.14375578251589;5.61744387524119;6.49235878358668
7.23645656504583;3.33642419460068;5.86869218322272;6.76432612417387
0.0519407270535375;-4.65885461130708;-0.625269378240416;0.801363132491514
0.103881454107075;-4.68943562319529;-1.01611211134816;0.283099989458949
0.155822181160613;-4.69968588861251;-1.17945090263535;0.0656155546793241
0.20776290821415;-4.87711525458314;-1.39247797070241;-0.160002009480932
0.259703635267688;-4.60084671160117;-1.05544280492057;0.198525608956457
0.311644362321225;-4.49404220810949;-0.655040754429092;0.702769720894231
0.363585089374762;-4.63760881568176;-0.989004591252417;0.301464583092322
0.4155258164283;-4.74517461396732;-1.236388365624;0.00462880541760313
0.467466543481836;-4.56205290023617;-0.948361436146839;0.329759498093317
0.519407270535374;-4.58393580907784;-0.863129718409373;0.45287642212315
0.571347997588911;-4.31852568979734;-0.498607009934861;0.852454108687053
0.623288724642449;-4.29044233676964;-0.506552532014766;0.831765589599808
0.675229451695986;-4.11991937237963;-0.315857296941817;1.02959552383212
0.727170178749524;-4.16269458776637;-0.303204206162672;1.06185296632864
0.779110905803061;-4.00508595846188;-0.477987223355971;0.769506862752033
0.831051632856599;-4.17156684725942;-0.759645431032526;0.44711176763728
0.882992359910136;-3.98363135154739;-0.38107919993478;0.893101888136632
0.934933086963674;-3.99799165802696;-0.450821357998194;0.803771808804966
0.986873814017211;-3.87514324336277;-0.158978533014977;1.15538600490406
1.03881454107075;-3.9573961528245;-0.324485047903104;0.960433651320529
1.09075526812429;-3.99125605558826;-0.43557098588814;0.822033756605845
1.14269599517782;-3.87016760301074;-0.118693919723564;1.20815899412042
1.19463672223136;-3.97679784141123;-0.349286472943681;0.933722401860927
1.2465774492849;-3.77622815342382;-0.0308390955111995;1.2938617566126
1.29851817633844;-3.72701893046132;0.0635420763418955;1.40421972507143
1.35045890339197;-3.67228005867747;0.185948485781076;1.55055936104791
1.40239963044551;-3.43341530963732;0.574293689407744;1.99177407502573
1.45434035749905;-3.33727208685112;0.720129579394276;2.15518568747177
1.50628108455259;-3.38444257653424;0.0542352073260037;1.270455824203
1.55822181160612;-3.31978161194168;0.447522114926823;1.77997393235521
1.61016253865966;-3.30366073742471;0.626091614784106;2.01599963478251
1.6621032657132;-3.31961864688285;0.363921545203232;1.66674716781249
1.71404399276674;-3.39814392262965;0.0123517280989509;1.21860464997908
1.76598471982027;-3.36001032750698;-0.0326790643322687;1.14415957418356
1.81792544687381;-3.28622371575712;0.0681188640729892;1.25451109332054
1.86986617392735;-3.12640044109241;0.541809668777225;1.83921321836251
1.92180690098089;-3.13655826202482;0.381428442932483;1.62569970921702
1.97374762803442;-3.00150490103633;0.414875490013624;1.62320977657913
2.02568835508796;-2.88384654927892;0.741686531749686;2.02399570913545
2.0776290821415;-2.89018114277137;0.730119493502935;2.01057801561167
2.12956980919504;-2.84329811382591;0.789714248274429;2.07466876099283
2.18151053624857;-2.97983725282317;0.547575838804572;1.79518110918372
2.23345126330211;-2.70724593754658;0.874204223851419;2.14092178170296
2.28539199035565;-2.7476874185886;0.778575584157305;2.02577408138193
2.33733271740918;-2.77110694288744;0.810059824249257;2.07667714882374
2.38927344446272;-2.94801295149337;0.404030894663363;1.58961008836007
2.44121417151626;-2.40758130378505;1.23101288813648;2.51794162959483
2.4931548985698;-2.22684804507577;1.47093088914408;2.77879259039458
2.54509562562333;-2.33890932132321;1.14210634621286;2.37330138356138
2.59703635267687;-2.1589435311725;1.33318653136705;2.56831260186174
2.64897707973041;-2.29948754003702;0.84205844848294;1.95318698109472
2.70091780678395;-2.11205467913209;1.33011546289514;2.54757128652059
2.75285853383748;-2.16895762681208;1.19585922729787;2.38595608638473
2.80479926089102;-2.17986869756515;1.18911977071363;2.38069208155171
2.85673998794456;-1.96674389097924;1.73292498712419;3.04145513969831
2.9086807149981;-2.15205940205401;1.41886495200651;2.68185965337146
2.96062144205163;-2.05620075364293;1.68841374106426;3.01284063912817
3.01256216910517;-2.01744147363186;1.81233929943448;3.16688852651952
3.06450289615871;-1.99735432449797;1.96239694308578;3.36291523297742
3.11644362321225;-1.9523538317632;1.93023897526078;3.30346720879998
3.16838435026578;-1.94135582549447;1.62481730721964;2.88613155646889
3.22032507731932;-1.75302659815916;1.64461246305534;2.84631815771248
3.27226580437286;-1.48258093638806;2.08509963083277;3.34694704225683
3.3242065314264;-1.47560369655397;2.25081631963179;3.56880804078123
3.37614725847993;-1.17670881376346;2.69869402370612;4.06937924805504
3.42808798553347;-1.2301835824208;2.502387613118;3.82255493536112
3.48002871258701;-1.15380146066533;2.40636181683901;3.66555044971188
3.53196943964055;-1.22992877259268;2.22176022419688;3.44258275681302
3.58391016669408;-1.2089219754541;2.34805440511946;3.60611586935519
3.63585089374762;-1.23984685561139;2.13522481228525;3.32894868056965
3.68779162080116;-1.25333446488408;2.20925391140725;3.43393142866994
3.7397323478547;-1.31255487660517;2.00681678957684;3.18084021056632
3.79167307490823;-1.27561531448052;2.18371755933994;3.40724364297839
3.84361380196177;-1.08267203491131;2.11011448473017;3.23936620139316
3.89555452901531;-0.865305549783563;2.57915051777394;3.79741484685794
3.94749525606885;-0.767658364466928;2.73969869471829;3.98021037806119
3.99943598312238;-0.779639849636446;2.71551416414935;3.95170977127446
4.05137671017592;-0.608358683696792;3.15565208772721;4.48693922484712
4.10331743722946;-0.642788172543395;3.01235822329765;4.30514128811131
4.155258164283;-0.782854824470664;2.61109811024538;3.81150006453319
4.20719889133653;-0.674389154756423;2.50506293955766;3.62959842398933
4.25913961839007;-0.786814531147004;2.50078106809457;3.6635656612073
4.31108034544361;-0.514039216859269;2.84610317377033;4.03454672911225
4.36302107249714;-0.338609084061032;2.98365354466905;4.15869946572236
4.41496179955068;-0.43938373968579;2.81620375536244;3.96766745170211
4.46690252660422;-0.316838876981539;3.11316659332483;4.32631991305942
4.51884325365776;-0.173536929121938;3.32584724448482;4.5635390102821
4.57078398071129;-0.297289739853377;3.2394251662808;4.49032038101889
4.62272470776483;-0.0216191825920192;3.34615179223478;4.53729348970036
4.67466543481837;0.205811788192859;3.87533601879892;5.17320435771112
4.72660616187191;0.0615106985879311;3.68466208638136;4.96612888637747
4.77854688892544;0.218886820863664;3.84870592819868;5.13253102358734
4.83048761597898;0.187501204842041;3.54521790732771;4.73280352478876
4.88242834303252;0.439116690330562;3.95947121368498;5.20457994998933
4.93436907008606;0.485775938813361;3.81091161289649;4.98697369690876
4.98630979713959;0.329051994108512;3.65112278565757;4.82610085611558
5.03825052419313;0.594006291149275;3.94130793476026;5.12520986618693
5.09019125124667;0.311370288985191;3.49004405755854;4.61430425716505
5.14213197830021;0.455938524762569;3.84298735544474;5.04094740787525
5.19407270535374;0.757742020933578;4.46388275774864;5.77470193200182
5.24601343240728;0.798566118856596;4.37131140806991;5.63495015316736
5.29795415946082;0.667864320695822;4.0805300098216;5.28755044921988
5.34989488651436;0.955523918880159;4.33445708605502;5.52954672203559
5.40183561356789;0.798635386454411;4.32075946160511;5.56649406794219
5.45377634062143;0.784392309027978;4.2951452491517;5.53685801636154
5.50571706767497;0.872272067665151;4.2673274371644;5.46811930990241
5.55765779472851;0.992334648329126;4.03839436488018;5.11575050592267
5.60959852178204;0.782134847638;3.49588883543107;4.4557122782025
5.66153924883558;0.857685394367611;3.44572618797068;4.36108632589134
5.71347997588912;1.03433420567833;4.06600915643482;5.13827757195372
5.76542070294265;1.0926730258141;4.18343434313098;5.27660092407974
5.81736142999619;1.10786220159795;4.16821854603822;5.25063123924515
5.86930215704973;1.04706434486215;4.11297435606493;5.1973513170632
5.92124288410327;1.1608443647448;4.11016732434174;5.15330879171814
5.9731836111568;1.24328439087742;4.28744927427776;5.36413523471934
6.02512433821034;1.266186588228;4.20507803089824;5.24452999121733
6.07706506526388;1.38464227650028;4.36630785572379;5.42088853411857
6.12900579231742;1.4563276891634;4.37189428830574;5.40309652086108
6.18094651937095;1.5944344524694;4.21255653682328;5.13855607985627
6.23288724642449;1.60869101801726;4.12592371940451;5.01623985291193
6.28482797347803;1.71833567991187;4.41108077589953;5.36347361628313
6.33676870053157;1.86066147726427;4.90329877033881;5.97944443972519
6.3887094275851;2.05291946789225;5.09315512830833;6.16845136796124
6.44065015463864;2.1158714556761;4.98276954306665;5.99675828511612
6.49259088169218;2.21595613625661;5.15095015548491;6.18902364214613
6.54453160874572;2.12018600220314;5.19997023310478;6.28925434536916
6.59647233579925;2.34083719718183;5.50041090120047;6.6179156285717
6.64841306285279;2.40952328273258;5.47227118030917;6.55552973823895
6.70035378990633;2.30488669655811;4.67304467985385;5.51063480732227
6.75229451695987;2.45675436116087;5.16382766607924;6.12128822847693
6.8042352440134;2.51244850159414;5.39576291345404;6.41555791986668
6.85617597106694;2.5505783614973;5.20261639875168;6.14061162261074
6.90811669812048;2.58487737267168;5.17498139868285;6.09107127807679
6.96005742517402;2.82823332644204;5.53109549717087;6.48706663004254
7.01199815222755;2.67814462113557;5.12505635239541;5.99050077094623
7.06393887928109;2.81501984410472;5.47454583286388;6.41518945868744
7.11587960633463;2.90598229019007;5.61040257679777;6.56692479726022
7.16782033338817;2.9945198787738;5.55658110188722;6.46275256577873
7.2197610604417;3.22092342658049;5.99853098557911;6.98093869900418
7.23645656504583;3.24803356767893;5.93636110045571;6.88719149975264
7.23645656504583;3.19516710698382;5.94624175628197;6.91926508598985
