y_warmsun;yhat_warmsun_A0;yhat_warmsun_A1;yhat_warmsun_A100
0;4.2547554313439;1.8126122378499;0.948854396032307
0;4.31433874696258;1.87025581482983;1.00581190985885
0;4.31192674452506;1.85339821160864;0.983845064481027
0;4.3847774460225;2.28552305187685;1.54304101816814
0;4.35537037447193;2.19855241520251;1.43571081334433
0;4.22275871089527;1.83945824915854;0.996512401954773
0;4.34984853255971;2.10499705283461;1.31101901154123
0;4.3774680194384;1.84651398503968;0.95134477452178
0;4.35837525648783;1.84443707604398;0.955286176543907
0;4.52105244439946;2.29348381025566;1.50561851183476
0;4.33961354790243;2.09130331925942;1.29610195842084
0;4.19919525166997;1.78056828878736;0.925127866134562
0;4.370624376161;2.02928484026251;1.20118008789684
0;4.34583447534494;1.98849218394857;1.15472744178832
0;4.20924937869001;1.41324776123224;0.42433428177379
0;4.26352751392026;1.5891595391016;0.643266474227484
0;4.46326101135741;2.28448069760447;1.51387126462135
0;4.21970297148837;1.5279068985458;0.575849716652408
0;4.25060100605363;1.61451180466797;0.682157499853381
0;4.35816455632824;1.84242646175187;0.952638953411406
0;4.37165568663877;1.80706245546436;0.899995449565332
0;4.43500446889295;1.79673854191374;0.863614354397045
0;4.38234377643771;1.69435191617223;0.743640240365657
0;4.43197350262767;1.86011294715461;0.950475572585642
0;4.51568752702194;2.20433402682569;1.38683498896189
0;4.34477573088087;1.70508798284546;0.771460913642631
0;4.46904687352954;2.0681660601128;1.21900224556552
0;4.22052179151008;1.69031690761177;0.795412662973435
0;4.21264915166473;1.83999603975343;1.00081603721055
0;4.39778856137476;2.08129012772487;1.26197138632029
0;4.25648541937733;1.9737053617764;1.16631242054731
0;4.33520050965846;1.93481117837534;1.08582119538221
0;4.31207192556673;2.0032175532535;1.18660242805798
0;4.37860834899511;2.15988086208556;1.37514257532994
0;4.31058466748447;1.74191107377447;0.833400890773041
0;4.26582969564642;1.74062313090797;0.847486734027983
0;4.16431689697699;1.33906793884084;0.339810012778916
0;4.18435344045629;1.46819429842865;0.507520180382938
0;4.21103499139207;1.49839255079554;0.538962249429663
0;4.40507599565046;1.75237508092949;0.814145404966499
0;4.51980427183348;1.99938766761778;1.10794542445267
0;4.46165836232719;1.97335890338758;1.09327612356718
0;4.27510605806383;1.8900142156397;1.04643477777656
0;4.35506418854906;2.01134107835723;1.18239328329326
0;4.56290733363226;2.56961996268474;1.86461724120685
0;4.38795662612714;1.80390328815184;0.889953467233331
0;4.38701542832937;1.88289941126945;0.997222497516502
0;4.42036000418304;2.05010544435924;1.21177378198746
0;4.44529060066612;2.06664237493096;1.22534196986958
0;4.37874238844993;1.99472216034992;1.1515217400965
0;4.29050266282487;1.59193875893098;0.637487873395683
0;4.30204036582936;1.95788751210488;1.12878772171674
0;4.40006224722789;1.87456799807938;0.981329850546245
0;4.36880309373537;2.09929100561519;1.296590791952
0;4.41266802020013;2.02021444579458;1.17403124835445
0;4.33053403849537;1.8651197907873;0.993131245864998
0;4.43513015559845;2.21840444490284;1.43437416327436
0;4.44655421289139;2.01345432009225;1.15289498928409
0;4.51049633571107;2.24950040120942;1.44981225272314
0;4.51260536729675;1.98840490238828;1.09562435139812
0;4.49409945929888;2.10793126936071;1.26397113981313
0;4.39443022231211;1.79337064021151;0.873405907160796
0;4.61590876122289;2.29675287587633;1.47649422449907
0;4.24771060053991;1.74626543218506;0.861533166771885
0;4.30896725685383;1.63825105682177;0.693649582513193
0;4.14730676512086;1.25268810828238;0.22889492098007
0;4.24054416256149;1.66123696741674;0.748965802401476
0;4.32215648281911;1.67180200396975;0.734402235274246
0;4.19751742305106;1.43500520067528;0.457936533468963
0;4.38913536542287;1.73346687812868;0.794187606020757
0;4.27141634249082;1.8132201407008;0.943784535254338
0;4.3935470732012;1.94451014169158;1.0783140643576
0;4.22910442646959;1.63523241594464;0.717809843946783
0;4.16921948789655;1.42846274489909;0.459088739482312
0;4.34880996123215;1.63240499307574;0.671643929167529
0;4.35628415381093;1.80450216125531;0.901966342491351
0;4.3973070435608;1.74629915979491;0.808668289326949
0;4.3901133381116;1.65285201930501;0.68471430505384
0;4.33793198194901;1.8087154878961;0.914160825330558
0;4.26555581989693;1.55584196400687;0.597447469227776
0;4.33466301481627;1.78189177787613;0.879006074798634
0;4.36610260592313;2.0529429031805;1.23480503233683
0;4.28175922141907;1.50598851073234;0.524230469340331
0;4.34790918764697;1.68253261767814;0.739819708852455
0;4.55872726949135;2.14386415339689;1.28975495988214
0;4.53365135838616;2.06417837225248;1.19075429842574
0;4.55512513715093;2.06305259487428;1.18163531905505
0;4.46190610423857;1.98458099834695;1.10837972045052
0;4.44557957766441;1.75587423716025;0.804556523183278
0;4.55150736413243;2.08581533500823;1.21372854200727
0;4.45585956537233;2.02412140383688;1.16404370164929
0;4.46164167976131;1.89496507095549;0.987161198450415
0;4.40286100527666;1.77976895733659;0.852011595584191
0;4.31195916073458;1.38146703820069;0.344985820405325
0;4.40243040968912;1.53828315111738;0.525267345450296
0;4.61041314100803;2.17307125039322;1.31101157395094
0;4.53210265044444;2.11243688446214;1.25662904915059
0;4.52789571445749;2.03577693516107;1.15434330584207
0;4.51667654409164;2.1759844060714;1.34810863085803
0;4.2694028392202;1.71403157851575;0.810226277062065
0;4.49127182174428;2.01432572507949;1.13825849836918
0;4.30395405249119;1.74711680332624;0.842792998685623
0;4.468197376717;1.84774997937275;0.920927999991449
0;4.4761911992383;1.78601964845759;0.834537041290344
0;4.51357786241304;1.94144369829482;1.03170955150821
0;4.49477940089321;1.9101400247546;0.99598292890622
0;4.29246609537858;1.72438893349517;0.816089701542301
0;4.28408785504172;1.4074397971097;0.390002603087795
0;4.28222879107351;1.46793763767191;0.472555360586511
0;4.40607635441079;1.80110574245018;0.879757723308706
0;4.11865929837689;1.33455778872955;0.34985323996248
0;4.26807939388944;1.59440822637623;0.64876161419823
0;4.29848659848212;1.95318106618978;1.12367358670517
0;4.58179938399896;2.55667966325722;1.84041820730728
0;4.41034479281803;1.89720053375783;1.00833043508174
0;4.49769100463765;2.1796226740507;1.35974867823107
0;4.49833117733396;2.10395682009351;1.25709426394888
0;4.4991395975143;1.94296517739375;1.03887580773079
0;4.31390522385533;1.61589399259215;0.661638580983209
0;4.2897356861628;1.56489704235768;0.601153084777898
0;4.26746146501446;1.64513783568677;0.717652254722688
0;4.18514043288902;1.20388767406104;0.149453005472313
0;4.31491810620682;1.73845462461414;0.82718924823854
0;4.35008251455558;1.74136287841847;0.818688872725428
0;4.2906555305577;1.91976677573;1.08121080590993
0;4.41512381385246;1.93814164424979;1.06206165895797
0;4.42684229602829;2.00902087561128;1.15386536402474
0;4.45029250178454;1.97630964025793;1.10129047559189
0;4.40309424076943;2.14905011081073;1.35182073530088
0;4.33559362955843;1.23290521213014;0.135520153624964
0;4.51355055049475;1.9345217593322;1.02234906258994
0;4.51254011499015;1.90345474901705;0.980651388905065
0;4.48590035334528;1.93314860002694;1.03026978808153
0;4.51693975921254;1.95124347423498;1.04378633094556
0;4.52852114449881;2.06008632599681;1.18702944007105
0;4.34289000348292;1.61815886376247;0.654452929135846
0;4.38929344044894;1.75717487501577;0.826224938278493
0;4.30794920272465;1.46934582061182;0.465364589027258
0;4.24499338934184;1.34966911096764;0.325626353477766
0;4.32968671726766;1.39719564522859;0.36000742208027
0;4.48907446947023;1.8531672920448;0.920877367002732
0;4.27678479452802;1.20377180659912;0.116882604769227
0;4.26499718377249;1.34334555840014;0.309991122346782
0;4.4633803947673;1.77914900419758;0.829767363090618
0;4.64362514717118;2.23912655484835;1.38868317368579
0;4.51504675560637;2.09658531660708;1.24120343783997
0;4.47287697340033;1.8661952352916;0.944242010594365
0;4.36536338096571;1.59249254540083;0.611760156347129
0;4.40360749413699;1.83547817062058;0.927160489700543
0;4.3800390939699;1.91121310954582;1.03801787275118
0;4.421118454954;1.80256618285792;0.876414487389067
0;4.47793585379375;1.76912587989982;0.811051077743283
0;4.55421513560123;2.20491175382641;1.37399028115328
0;4.33062738338859;1.73176387460854;0.812575867327634
0;4.47197298783523;2.37642575621565;1.63525490307628
0;4.36842591945201;1.84222944451615;0.9487429278324
0;4.24726545980216;1.44443907793816;0.453111758132419
0;4.26662481699657;1.54532308876413;0.58283009737254
0;4.38285430512736;1.80533926179932;0.893701960183042
0;4.46101963934165;1.82534201711282;0.893133283092534
0;4.40315160071548;1.72432366309902;0.776853160893957
0;4.5352774515596;2.25736401793933;1.4516923454048
0;4.63315696223915;2.2594418362813;1.41988621163598
0;4.50083686890789;2.09106185741174;1.23875226772793
0;4.13411723483313;1.32127849188709;0.326409915605103
0;4.2092988779846;1.51043299422767;0.555875301902565
0;4.25029582404297;1.69147364915173;0.786447799206808
0;4.33315718816463;1.59207580119334;0.622586972952512
0;4.38326256997728;1.66012584023732;0.69698383000601
0;4.30413266356549;1.601878355459;0.646122216576316
0;4.3960334160343;1.68352495632996;0.724142042458249
0;4.2615668589843;1.48451669698987;0.502306128447485
0;4.54303648458688;1.97898797432;1.07211362991465
0;4.43137892773153;1.86020868438469;0.950815465241953
0;4.2769886640665;1.60304126916083;0.657296958544404
0;4.13977939206758;1.26196521218352;0.244115574295464
0;4.3039306256701;1.59892591765154;0.642196994085913
0;4.50043944433277;1.9764909144234;1.08379946993273
0;4.38796863963267;1.55134673071428;0.548066323313435
0;4.47852845194037;1.59844629490457;0.579794499692055
0;4.26374531119817;1.3567818628541;0.328622465373422
0;4.4877186811239;1.83695620164905;0.899412127844629
0;4.6474964751008;2.20215161090065;1.33726137513222
0;4.42136475983362;1.79368372971476;0.86430329796647
0;4.37467301708014;1.6078547921923;0.629263141629974
0;4.42994709508005;1.50665177290663;0.47271598027867
0;4.35408476524874;1.48369783112896;0.468475124286123
0;4.27594234545981;1.54968632767406;0.585441061287428
0;4.43023345950194;1.6046680411884;0.605298186816674
0;4.50368636674322;1.64385911024214;0.632371239413181
0;4.3468152972722;1.60268462618844;0.632117301375007
0;4.40866264181007;1.58982802986045;0.592838783961665
0;4.38315645304771;1.50873884962345;0.492090541600103
0;4.31250854279123;1.31099584417018;0.249395468870415
0;4.34841457955373;1.5494259184505;0.559455956153753
0;4.48051398565445;1.79002026418728;0.838423708969169
0;4.2645393005971;1.10622279304668;-0.0108372784537811
0;4.4890727021284;1.6365583777319;0.627657006527101
0;4.32633249562487;1.68841901256528;0.755419480392368
0;4.39793142997222;1.46241960058681;0.424162970453476
0;4.37894500518296;1.35737678477055;0.288683003045979
0;4.56249354653218;1.65132372697484;0.621676584577837
0;4.51624681785283;1.87979271916824;0.947309354393498
0;4.37372864793094;1.47974423564984;0.456175373322247
0;4.53304807598113;1.81700558506865;0.85637272517512
0;4.53970401887667;1.82061504006028;0.858904672580817
0;4.50059045570979;1.88652516021219;0.961960456543418
0;4.30693167174617;1.67890376723115;0.749400650015149
0;4.52884855251238;1.85375527956957;0.907605685125784
0;4.33151378681804;1.4635893291488;0.449237571785935
0;4.38786039850713;1.84421191479547;0.944552824171014
0;4.52255141909497;1.89965973750526;0.971973243016764
0;4.5244477091594;1.72354837877998;0.732902634827636
0;4.41549933229387;1.55007042201531;0.536601310942068
0;4.41573755355566;1.27553527799218;0.164882001133811
0;4.42457289538049;1.33321188963884;0.239833205820423
0;4.56474059822623;1.75002438294886;0.75449176638733
0;4.54030569012886;1.80084444908964;0.831928647753047
0;4.53650718345369;1.74878493145444;0.762799767935531
0;4.55219033485732;1.84964027125379;0.893779527067666
0;4.37705087105437;1.4016159543214;0.349238989288048
0;4.5266352429833;1.82354630051278;0.867494961095242
0;4.58226303565799;1.85235698473935;0.886820743789978
0;4.45149607874992;1.38908225576903;0.305941856165364
0;4.17802259667392;0.82533426429173;-0.360472876739364
0;4.16707018002834;1.19688901895066;0.146370246613915
0;4.37955320869842;1.37972142064542;0.318715563999719
0;4.45386882150163;1.43677418399334;0.369662656873943
0;4.31577733522489;1.20740947903872;0.108015668640042
0;4.31038548029782;1.42849311788534;0.409201073938202
0;4.45365517397236;1.82426107374874;0.894274748889694
0;4.43205781549408;1.5441169028664;0.522685556566332
0;4.46177621945347;1.72915741261694;0.762661701230549
0;4.40534279773505;1.49996878527979;0.472371552915645
0;4.40661003318299;1.67139677575608;0.703983437160762
0;4.44118051255935;1.58745306655582;0.578122628249697
0;4.41910812916231;1.58669717689936;0.584906136232771
0;4.17493600322216;1.42296439490706;0.44962382115435
0;4.14507150761691;1.13689406624804;0.0729364484133379
0;4.55701256519679;1.73016067042246;0.730335804184814
0;4.51048806885819;1.95131470144746;1.04616463876448
0;4.45688691210784;1.90033861761968;0.996117012910965
0;4.36865119743464;1.76282600971677;0.841175736999989
0;4.49098401040861;1.994847836817;1.11199330153494
0;4.33784067330812;1.51232596272137;0.512974043086941
0;4.5512605951871;1.82025858639794;0.854334717807653
0;4.5278816754242;1.65437210076523;0.638044952028864
0;4.41199900318352;1.61996539510984;0.632455354741662
0;4.18461641623966;1.12751625923271;0.0462552419133944
0;4.36733783429225;1.47042754028991;0.445823827390147
0;4.43656922975776;1.53454866618731;0.5081375099628
0;4.44971997047304;1.5752212123879;0.558544200898303
0;4.48609445080907;1.65691312750307;0.656264369297627
0;4.47047084318798;1.65388205058319;0.657687125048385
0;4.57529448347904;1.85205433619185;0.888875748368569
0;4.53582914859616;1.80999408272955;0.845897702174884
0;4.52155491947821;1.64385523205562;0.626046088828784
0;4.42513004144559;1.39129685386355;0.318265094906222
0;4.45730042504762;1.23352778817281;0.0933166397209867
0;4.60896717110725;1.45650410074868;0.341514322378234
0;4.61208872764383;1.52097040151052;0.427677550666663
0;4.5837730340194;1.68737799931496;0.662956527677903
0;4.51262486700236;1.73629038847253;0.754332948905707
0;4.50400020994474;1.53658680436128;0.487046955176451
0;4.45614223684148;1.41254376730307;0.336058140902672
0;4.62827084508196;1.97334119041814;1.03432323487842
0;4.56281418464345;1.5277995407497;0.454349914340208
0;4.32166932441022;1.27670756016407;0.19973975217097
0;4.43085037769773;1.50854496918472;0.474959297585399
0;4.39138081591678;1.77931316161478;0.855455000565009
0;4.47468772775488;1.82563851442054;0.888700403062415
0;4.57778025856637;2.03306448856738;1.13302791110986
0;4.62698908974431;1.92363858442722;0.967494733251762
0;4.39304689593395;1.48216269958478;0.452616578817678
0;4.24305728251163;1.14865574847794;0.0542016649194791
0;4.52746238055871;1.59064688666894;0.551929165457223
0;4.53901932428922;1.68035549776245;0.669279118678287
0;4.37123770741372;1.34732963454264;0.277808274027663
0;4.54272249865053;1.74391299770931;0.754006402292663
0;4.30479204809552;1.15592936892841;0.0422130073394044
0;4.40242256016119;1.37730471772526;0.307355475687557
0;4.62421462767888;1.60023583642392;0.530689463633469
0;4.56579747779715;1.54840347040027;0.481186059608818
0;4.55996340980962;1.68113713826229;0.662929535242044
0;4.56824556877238;1.72073957639361;0.713609594379374
0;4.57058505602101;1.50485864841239;0.42054662588492
0;4.57318849151301;1.45312217373228;0.349590752579805
0;4.53595670459554;1.54648476395999;0.48914306569399
0;4.66803300030307;1.89946104997586;0.920249126980472
0;4.42812168940973;1.38484327413547;0.308470847231799
0;4.36588723182891;1.18736221105943;0.0631546218332334
0;4.58872423211843;1.7688834692667;0.771538359414438
0;4.56963551903367;1.86213032835067;0.904517012946207
0;4.51097912294703;1.27338779707647;0.128289137926869
0;4.68328978109741;1.6793771687242;0.616927971648236
0;4.72193049542334;1.81140943744364;0.781991754523674
0;4.77968760270868;1.97970262427215;0.989380276041688
0;4.78221984727792;1.93017047127099;0.921433546941614
0;4.61336793623086;1.5709003673915;0.494814727506962
0;4.75567994624707;1.80436972812483;0.760525390360015
0;4.54976880036434;1.48933832218375;0.406899408729162
0;4.62750554435591;1.91387679633436;0.954097649423712
0;4.71488303053642;1.86976427624499;0.863478632770655
0;4.78642455236622;2.23239501803403;1.32906426970185
0;4.81999483721159;2.57863543753993;1.78589250462934
0;4.69758871662089;2.05090246637236;1.11480010776649
0;4.65866907461954;2.15236803495928;1.26591830394862
0;4.56598830851291;1.5217279730695;0.445008252342793
0;4.72606562465083;1.913140939915;0.918241967014579
0;4.540863162037;1.65085976581827;0.628698942892887
0;4.53744997491658;1.72979828218669;0.736764305657912
0;4.46563765799677;1.58780752641156;0.569952246590965
0;4.47866349325219;1.67189261695292;0.679170175022637
0;4.48364264251685;1.62151928975502;0.609219316197619
0;4.38538039983645;1.38949146843036;0.32988015464233
0;4.57999462836477;1.91461638121627;0.971902879191555
0;4.49278584904018;1.61242594826657;0.593675918301834
0;4.37099073338068;1.23685222897986;0.128343637947731
0;4.46810673601287;1.54353628881744;0.509149499196451
0;4.47664923146999;1.52138878828555;0.476147301539628
0;4.45115722954567;1.58427495479514;0.570291805493896
0;4.47620718513712;1.57749817205664;0.552258272993469
0;4.34908349996905;1.32024332767369;0.248977540556022
0;4.27854752263485;1.21485939155824;0.131268283898807
0;4.22389288423085;1.21863597434415;0.155711314763717
0;4.52491418028532;1.70892760688692;0.712945679330098
0;4.44488618591748;1.60702449339687;0.603305588854864
0;4.4913962061613;1.75270633574652;0.784063359290741
0;4.39093179048843;1.3056918514251;0.214478118195086
0;4.32804772787063;1.61438234287765;0.654590237893376
0;4.53202328450459;1.66369155857299;0.649195755129565
0;4.31237963533142;1.13323728389072;0.00881135193595273
0;4.29950120617209;1.33138418641889;0.281595477028649
0;4.47124578887621;1.31003580511061;0.191952344491275
0;4.56684470287025;1.88549235278967;0.937128995052007
0;4.48668685975003;1.6981451140396;0.711870105059828
0;4.53498573004625;1.87487836377777;0.934029111443838
0;4.53103844684326;1.66835111415402;0.655851667410042
0;4.50954870512552;1.75494416258828;0.78067235041053
0;4.50287359610269;1.80513421605442;0.850974955080452
0;4.44068981848392;1.50718953239425;0.469644361892204
0;4.51693256966182;1.70880729463933;0.715605817523339
0;4.55550113991205;1.74919290640437;0.75663409588609
0;4.54591987837998;1.79920653215136;0.827725744967976
0;4.4606628192454;1.5297849622984;0.493167314696129
0;4.49134398703733;1.50359442297595;0.44686190941149
0;4.40896006902915;1.45928378664943;0.416017353085501
0;4.36236736232651;1.157561414563;0.0240585649926074
0;4.49720554573257;1.3816384956988;0.279698413583766
0;4.56510299851905;1.7015312371059;0.688718978137012
0;4.50537672365525;1.70092922544644;0.709028535512735
0;4.61446307244246;1.65752564551458;0.611691028987074
0;4.56136440285782;1.57939192823701;0.524702704484773
0;4.41661037067797;1.35067520382381;0.266289345562227
0;4.55669509690643;1.71707758768995;0.712737671061601
0;4.54839240073396;1.59528565683805;0.550805908656241
0;4.43515695508194;1.461469944534;0.409711193730684
0;4.41161962147685;1.47620437028304;0.437981898740713
0;4.42227993560915;1.57597099290949;0.569264393541371
0;4.60760406920391;1.73257198168101;0.715706337728984
0;4.62425585409747;1.68529799149079;0.645822539207316
0;4.84721183774974;2.11031884686148;1.14231140594102
0;4.71743404382729;1.71171191046482;0.648622706714151
0;4.67930411020003;1.73317372604217;0.691161435725617
0;4.59273600387535;1.7036772490809;0.68185053491711
0;4.753109787193;1.81531817380664;0.776255210402791
0;4.63514326965971;1.84664024433225;0.860378930304704
0;4.60391452039366;1.75062949806097;0.741455539897337
0;4.52556895174266;1.54421044245596;0.489738371151371
0;4.66158694362765;1.87255345044164;0.88610451605922
0;4.68928107473801;2.03388920989189;1.09470777594895
0;4.5351626128582;1.67942666433589;0.669385841886146
0;4.72823270647881;1.97054331817023;0.995180431671787
0;4.54747657582977;1.63300651202221;0.602192111350323
0;4.57252359506617;1.58587381919103;0.529530288006005
0;4.63665714645449;1.38724359796112;0.237963555211499
0;4.49939920100152;1.20340844455183;0.037654581295077
0;4.60690273336172;1.50641047455461;0.409802171989025
0;4.54756422287657;1.21179386677544;0.0319704185594923
0;4.61694672540645;1.46987938759754;0.35679801751146
0;4.63811745462409;1.53966170069837;0.443773686388588
0;4.66953860639307;1.72198935336657;0.679475225518573
0;4.72282526235592;1.66968308898152;0.589821964760034
0;4.56864096880871;1.49607993961544;0.409350590370416
0;4.61347592664599;1.79331686455777;0.795859175941802
0;4.6013900752438;1.69330820910096;0.664753240162099
0;4.4445446768211;1.3121395974335;0.204244098808188
0;4.51542514901428;1.40368561991408;0.303099287747103
0;4.5141909375771;1.53558869690612;0.482091485977186
0;4.54510126526376;1.52681160000231;0.459277405368737
0;4.63932529874503;1.69159820144332;0.649021172129207
0;4.58406854153528;1.71561479036764;0.701075828007491
0;4.70213780486073;1.78187747748174;0.749015127459701
0;4.57395562500763;1.54098963700695;0.468264596525714
0;4.31894030684951;1.25569040863557;0.172254298878286
0;4.35668148245548;1.23799598388839;0.13495294254399
0;4.51583217093127;1.64807268132395;0.633779271259314
0;4.49942690644586;1.73211447762379;0.753348032837788
0;4.42469301099599;1.6562713939836;0.677112642145318
0;4.44889092748786;1.78543320389228;0.843398968866952
0;4.31741303491651;1.65196575687602;0.709227839422042
0;4.4500103894535;1.57368684175499;0.556364423254717
0;4.42978392363779;1.38970855402308;0.314469007375345
0;4.50862736543231;1.70775538568343;0.717119315333285
0;4.55441875533883;1.72677368884064;0.726668286925056
0;4.28963981729192;1.15014544449027;0.0397425446627537
0;4.52031886396094;1.28465496125832;0.140238009422252
0;4.50524490134345;1.33133056928491;0.208753727404258
0;4.68681979707723;1.67732381312733;0.612899842010393
0;4.52900204580547;1.48869242860511;0.413370031291792
0;4.37180352102382;1.12270049173797;-0.0264697239543668
0;4.60901291943685;1.75499153750034;0.745557137449482
0;4.49415924210631;1.72640372530238;0.747480565414707
0;4.35507396892358;1.35844804577674;0.298576066521972
0;4.44979936565133;1.53401711512486;0.502738609165654
0;4.471155878022;1.49754202990882;0.445809155813692
0;4.39422298862098;1.59366058377299;0.603134006489831
0;4.503715458487;2.01362387073879;1.13290723565711
0;4.16350283305347;1.01967792629842;-0.0922566333725331
0;4.32836180976063;1.55256054477318;0.57079169667797
0;4.41476609217958;1.47311067518578;0.432681129071245
0;4.25999369628016;0.959764141267243;-0.207488936085018
0;4.4417024135767;1.49871045392318;0.457808188106367
0;4.62197233147366;1.75416422878711;0.739853624837801
0;4.63969280261547;1.98206860452275;1.04209762009301
0;4.61462876565278;1.73502134529994;0.71653745896913
0;4.70123822984233;1.93734260757952;0.959784647810801
0;4.51046263256633;1.67842868349125;0.676770984497978
0;4.56695812096309;1.73388056041126;0.731853748091909
0;4.62894798767035;1.5495110751607;0.4603498054002
0;4.61194719766273;1.71341593903216;0.688238909664913
0;4.52585453003566;1.47152965485142;0.39125022265952
0;4.69054467723235;1.94990043908415;0.980566225333193
0;4.64788693432533;1.77254236626646;0.75556620155791
0;4.6542216791242;1.58741747039249;0.502724242055886
0;4.73730279345086;1.87008747228561;0.855986528313978
0;4.80803336843623;2.04919967760336;1.07343206451831
0;4.74039307582167;1.79774305603079;0.756961730394154
0;4.55935443793734;1.49574438852214;0.412180897444591
0;4.48052958764691;1.42058262205231;0.338314721415063
0;4.68253986061705;2.03208361987852;1.09464785917809
0;4.50899642185748;1.463666990964;0.386569143524143
0;4.55734652655156;1.83973927091553;0.878552971811643
0;4.52833214946957;1.50985475868839;0.442254167706583
0;4.6274736417096;1.73470048641836;0.711560031698577
0;4.51603358293342;1.59332786455347;0.559600607977652
0;4.60745370417853;1.74154197274318;0.727902093403177
0;4.56575377210296;1.54040267789901;0.47037093740498
0;4.56087358749836;1.45833051025205;0.360996856890639
0;4.54196819784198;1.63260127904248;0.603591801820741
0;4.76613665741541;2.28635631659501;1.40928665046117
0;4.74714226505695;2.09871654432369;1.16199895509753
0;4.62212220541302;1.71471480548954;0.686398387462637
0;4.58177974181244;1.66909111433613;0.638906787119677
0;4.47029066835792;1.39718404395326;0.310261723983372
0;4.67692200058237;1.93181291573599;0.96089953727499
0;4.678734521094;1.59102277987384;0.498934798769223
0;4.43972258614261;1.29432300067729;0.181831495333358
0;4.48972861646003;1.23928450320568;0.0896399616026445
0;4.33763861511872;0.867779715567393;-0.359469301800902
0;4.57194557434955;1.45275775805148;0.349537052727122
0;4.59093036179183;1.4013367187253;0.273214285630436
0;4.57211067146176;1.21665510490644;0.029869225108753
0;4.6648721715204;1.59684736451647;0.511722424668322
0;4.66287620428745;1.5829819446854;0.493658916540506
0;4.74315301993097;1.54173786610443;0.409434301187268
0;4.59452814833096;1.38927120356273;0.255608841560538
0;4.59727292996732;1.53929581215052;0.457724623921343
0;4.5767294461214;1.68917893895719;0.667885674560505
0;4.43789909212533;1.5439867203688;0.520443337942697
0;4.60165782668371;1.62428042609873;0.571216426961759
0;4.59093260632743;1.48179664805715;0.382131168822552
0;4.4288354036828;1.12308438743726;-0.0461215669824121
0;4.67612464184588;1.85446750433587;0.856479963745335
0;4.52732108373732;1.29374279439454;0.150063499915883
0;4.53346661210111;1.53099225314828;0.469051749695929
0;4.60152820973875;1.36166997613763;0.215769537905513
0;4.56193088120748;1.47661981864781;0.38538092985857
0;4.48362404691329;1.3305650612532;0.215364514523191
0;4.51910428922003;1.3004900233333;0.162103331122967
0;4.37890689776371;0.790998516151845;-0.478003239599683
0;4.52748715936734;1.34300241811924;0.216686944591919
0;4.5556383466478;1.21622244521122;0.0351096097146558
0;4.64389104265914;1.48486133396444;0.367549011456455
0;4.54559297509373;1.36852142599856;0.244827912916498
0;4.66737317742312;1.71133998269466;0.665825182652618
0;4.67319711759821;1.76749968307512;0.739788060060984
0;4.55977265041487;1.25009150809256;0.0794955134708153
0;4.58526133603717;1.38317675008355;0.250636414754626
0;4.64682962326025;1.6642649686541;0.609366297680449
0;4.57518841423256;1.65994458773302;0.628856516133633
0;4.72877279105996;1.79315538559187;0.754861414417471
0;4.56648348855649;1.33713379140805;0.194950101150127
0;4.625478594215;1.37194439886013;0.221206930907266
0;4.5602600528577;1.48342709604661;0.395186815342159
0;4.67137332068196;1.60177743409777;0.516096821547458
0;4.56386609304386;1.44635218075368;0.343723515944088
0;4.54729584845705;1.55152796012289;0.491959457871424
0;4.39111540285568;1.12166664887974;-0.0346996146509269
0;4.44712181724447;1.32117371562844;0.215561975465594
0;4.44727205090541;1.54415536106195;0.517356517634498
0;4.63197603053504;1.60924906928774;0.5401454543128
0;4.49661009694954;1.25968881848667;0.114827147366401
0;4.46865287359628;1.27832265165261;0.149939699116103
0;4.36320926530949;1.12436335744564;-0.0211790328651446
0;4.55381239052472;1.12332610281144;-0.0899972764867304
0;4.48991517419998;1.09840398338746;-0.101134354282756
0;4.21093825990229;1.00560565933452;-0.128083461250192
0;4.3822178346878;1.26134576183737;0.157529354422968
0;4.6419550095652;1.85696582480016;0.871947315596189
0;4.54729128773392;1.51587449904773;0.443697392471462
0;4.60365694070481;1.69514085639171;0.666432309501001
0;4.43401705992056;1.28646181071371;0.17320787200138
0;4.42011996062124;1.37366489864795;0.296168928495726
0;4.38963546666951;1.24778528117771;0.136549157610397
0;4.52567553390592;1.36794199655401;0.25108811487977
0;4.35128312378129;0.91159649764828;-0.304980935088928
0;4.32798234038769;0.877301077678956;-0.343165031031682
0;4.47670213382338;1.17688680414868;0.00978023351445512
0;4.70267302294987;1.65554537441611;0.577811518165581
0;4.64081656854706;1.60868332505792;0.536252816692572
0;4.53607566123254;1.31730072245488;0.178857202098653
0;4.68597328822156;1.54318624798334;0.431618769712471
0;4.56335551341909;1.70490232087426;0.693900440596782
0;4.39855802091008;1.27338482259497;0.168047156779847
0;4.48549641045794;1.49890033532238;0.442575797468691
0;4.41791677171142;1.51550346870851;0.488953405082722
0;4.50922699847144;1.60856534659888;0.58263482174709
0;4.41359059471255;1.39301415197494;0.324671150559254
0;4.28575645111335;0.933225288410046;-0.252526263520794
0;4.53270410536859;1.62255857295716;0.593273709093524
0;4.44116143390887;1.33029551474166;0.230018168318104
0;4.51953447016053;1.47554208014606;0.398917128622837
0;4.60484297273142;1.67979867926452;0.645244295690026
0;4.64979000147608;1.39821525671157;0.2481708238017
0;4.63266164198746;1.62167254540458;0.556720477594007
0;4.65336956467769;1.66313250013931;0.605520186385693
0;4.51281808632137;1.53948358973405;0.487849519047269
0;4.61938677204121;1.68734927053211;0.650321470041652
0;4.67208802201489;1.66901676787681;0.606865149491336
0;4.66849960742038;1.85005846370852;0.853208382981031
0;4.55391137799196;1.55362174660003;0.49245395605323
0;4.69231059100735;2.09119111293206;1.17120519536688
0;4.56013652563328;1.60482782169403;0.55956926567662
0;4.77502722641696;2.03692126335855;1.06848480819083
0;4.6651357559528;1.95714876968643;0.99936504874857
0;4.60056103609842;1.65474266803098;0.61284073420198
0;4.61026702070441;1.62837395214139;0.573712813394644
0;4.6852948906317;1.9860143996549;1.03131006554468
0;4.59863357598147;1.51321189356645;0.421933879812021
0;4.45938320617528;1.27571344677302;0.149686222911875
0;4.43430946733719;1.05622668906454;-0.138562174182871
0;4.46207754484131;0.97787850724296;-0.254442451330025
0;4.80068325695497;1.54678888610426;0.395924028238402
0;4.93468219492731;1.83220644710493;0.734896607383044
0;4.80999099072683;1.82162016639313;0.76466792024565
0;4.6547467293223;1.57547939862741;0.486378107996193
0;4.7051740635103;1.41000150744536;0.244537032214807
0;4.62157485599812;1.41391061586887;0.279396821300713
0;4.93724005112321;1.78172468215481;0.665655341018884
0;4.75446176062057;1.43685006880305;0.263449130419393
0;4.87771039291435;1.88249898977771;0.823127309913456
0;4.71547996449909;1.53956635371053;0.416282390033797
0;4.91196807994154;1.91951791263799;0.861122849996738
0;4.70388582590794;1.32215138404495;0.126070969560857
0;4.75746026543814;1.75844408815804;0.697726703622712
0;4.6722058600118;1.62725959958295;0.550297275110986
0;4.56515460598052;1.37700274696392;0.249390256235574
0;4.64550483215469;1.45712762293112;0.329435428437302
0;4.65779242870284;1.44312107025776;0.306128938870585
0;4.64314716377831;1.37833329337656;0.223606334635153
0;4.56991764714029;1.34631672532114;0.206166310501203
0;4.61842573104969;1.55246532971791;0.46807054631304
0;4.5734025038257;1.16884724841476;-0.0353046242505088
0;4.49172333433232;1.10984407907299;-0.0862875542369416
0;4.62420933555033;1.44430742989254;0.319612852383758
0;4.52371377612223;1.10752178661894;-0.10074586449547
0;4.49816481640717;1.05670587703525;-0.160498402425158
0;4.57549427846094;1.45039263322049;0.345080274901445
0;4.5249633105555;1.1394634331595;-0.0579487723834445
0;4.4563572736117;1.09903776315695;-0.0884073720702062
0;4.53341101754447;1.313071126627;0.174074100773516
0;4.52539256161254;1.43912840300925;0.347552415157242
0;4.52049215533777;1.41561915437335;0.317461433902474
0;4.41660967301126;1.13119858873741;-0.0308133666615014
0;4.49408078029565;0.939316775246093;-0.317962197318877
0;4.26319537692649;0.916180884932817;-0.267619484283301
0;4.19979017455529;0.818246970520512;-0.377765805352498
0;4.56020087009617;1.55893925669267;0.497427687334417
0;4.72344101622972;1.8338092896037;0.811779921920583
0;4.62230125859169;1.59014254608395;0.517703029620902
0;4.56271650898147;1.50228327503805;0.419843386901984
0;4.5990306219304;1.53639749782438;0.453179533945594
0;4.68152801725115;1.74151687504044;0.701668889926034
0;4.66603269350364;1.49409750528464;0.372220663721752
0;4.74561481678079;1.47378909214277;0.316582121541915
0;4.64660885672299;1.46016502611076;0.333156645302039
0;4.71922248826186;1.86235882204687;0.851919138873929
0;4.63310755270529;1.62968380328662;0.56740751139154
0;4.63387036429438;1.46590239607353;0.34542871440425
0;4.48220625652067;1.34062742012007;0.229487269592262
0;4.43479650011833;1.35939286795071;0.271658122864528
0;4.57059195903817;1.35513154942565;0.217860339753781
0;4.62403294158772;1.62237312378925;0.560720714135541
0;4.49704289384639;1.2269031527136;0.0702924950061244
0;4.49793129587235;1.27685782147729;0.137601335620362
0;4.51993237082707;1.25013481847626;0.0936451889889103
0;4.40188040119661;1.01585538498335;-0.181742556094142
0;4.56534069196144;1.26190289216116;0.0935150956814388
0;4.58955826485563;1.19458253744655;-0.00618116680402514
0;4.77908122299451;1.69368658055634;0.602418130529401
0;4.596686542022;1.48899069610394;0.389834567975673
0;4.57658710434658;1.42514001736569;0.310509580581812
0;4.62691412278882;1.66171709818004;0.612961157347713
0;4.44321019688124;1.06867794308827;-0.124855140657746
0;4.74683946428515;1.69002901782352;0.608870467778064
0;4.68800940554587;1.52282683722904;0.403338319335666
0;4.6239631250222;1.60710137931095;0.540072223330345
0;4.63823410962177;1.52744795507727;0.427198820479545
0;4.66623867528445;1.77588654508759;0.75360237898193
0;4.44804739074156;0.981959597107252;-0.243955623652814
0;4.50880429900118;0.964596895977879;-0.288948328374675
0;4.53614326010261;1.12907169658284;-0.0759701651982753
0;4.71435880263536;1.68080160870137;0.607867465509777
0;4.56538351267334;1.38126757355858;0.255082541086363
0;4.56922272350667;1.33907128223103;0.196604024335114
0;4.68128087542876;1.68822371402265;0.629613964577915
0;4.53307099376771;1.51229728637603;0.443884514730598
0;4.62469747032956;1.67359399791792;0.629822783723156
0;4.60681972966239;1.7974366681899;0.803790326533464
0;4.40542974007619;1.14564169342923;-0.00730768949628646
0;4.56536960976601;1.36121423256387;0.227941482287207
0;4.61723220547737;1.32519624907089;0.160841152913152
0;4.71603682857728;1.70726149409242;0.643092408367944
0;4.71992044077337;1.83027021205885;0.808234300400843
0;4.5143067404163;1.40796340923176;0.309285649943763
0;4.6250044549276;1.64069851998436;0.585183978266541
0;4.63341204780248;1.71653271316425;0.684866181225572
0;4.80889782498414;2.28060601918369;1.38637840817332
0;4.63543137007198;1.64723426177186;0.590343456979118
0;4.68471353695749;1.65021091093825;0.576942379337394
0;4.50791001408389;1.27807613165064;0.135721190649586
0;4.6396899404788;1.6962207278561;0.655149663176223
0;4.4916393937426;1.52592951343072;0.476992181459401
0;4.6582414030003;1.51075095921976;0.397519941438291
0;4.59820743600289;1.43830579083395;0.320685074465524
0;4.64579867905472;1.45923246532721;0.332180799024136
0;4.79802099205282;1.83429369472258;0.786057579453918
0;4.7375449581947;1.52331387032754;0.386477457558798
0;4.68518705391794;1.5919001635579;0.497840316593113
0;4.97914725106017;2.20169220972745;1.2193384400393
0;4.83927670063988;1.66711664408159;0.545160269184157
0;4.79235469105202;1.55373541933112;0.408273187606493
0;4.90166810106848;1.92800895453514;0.876260058911987
0;4.72120091081158;1.40384208434466;0.230530581514976
0;4.63728020274618;1.25429473406753;0.0577718458475701
0;4.68099960272508;1.50761380207799;0.385223895653225
0;4.72517774340242;1.42362971339003;0.25591030665832
0;4.88493148865679;1.72003484507108;0.600647455452727
0;4.65737861361606;1.32637024543311;0.148231057344943
0;4.70045269704794;1.50453832563935;0.374180323931712
0;4.62440218201513;1.36943027682485;0.218184307508137
0;4.53956696093749;1.16748888304525;-0.0251761870293592
0;4.60213423509148;1.17493076874221;-0.0372315145546588
0;4.69567713741749;1.25564630136064;0.0389471255488751
0;4.54784986822538;1.27248585227674;0.114027428905044
0;4.66438489812358;1.59609398623372;0.510874928160844
0;4.64365331922261;1.25814468817535;0.0607293865669747
0;4.43114607653668;0.978795860575126;-0.242260537625349
0;4.47978559377343;0.970086109169406;-0.271254062990093
0;4.45500312408994;1.03118521309413;-0.179779638376026
0;4.5091465412593;1.36795897682575;0.256957214673701
0;4.55317923344955;1.41225084906365;0.301340755901013
0;4.62483078201549;1.48584822901181;0.37562635393558
0;4.48549851597589;1.14810593613703;-0.0322912738789176
0;4.4627996921403;1.00899795841606;-0.212571824852692
0;4.55728798452839;1.35793590659903;0.226362027799031
0;4.61243338196924;1.51562447212597;0.420318927547838
0;4.74208580312397;1.64102280469397;0.544212638115653
0;4.51121109851195;1.16147667479086;-0.0232857028631418
0;4.51422616073827;1.43554728034404;0.346654117787823
0;4.79530742184274;1.81887655280539;0.766147330944847
0;4.73747254196457;1.70923171390881;0.638177907926564
0;4.50092848273604;1.32964260101457;0.207995411660621
0;4.52911496650723;0.955298989941829;-0.308718444906019
0;4.72294009044293;1.50304314205397;0.36420277985701
0;4.69180984046295;1.6326882573775;0.550712285000879
0;4.62496927633945;1.09280000069358;-0.15648747704082
0;4.62710900884252;1.39233896392012;0.248238159257192
0;4.75406270066428;1.80644618535391;0.763908267612997
0;4.67521810383944;1.24960476068583;0.0380048855979703
0;4.61842998594891;1.23428466861833;0.0373515553259206
0;4.68656642963537;1.57955711928359;0.4806438108559
0;4.7149296397281;1.70454663138435;0.639808929983967
0;4.57748821514496;1.43463709154594;0.323046947730451
0;4.64259748769016;1.37440325661283;0.218480703342156
0;4.4779329279677;1.07492790386294;-0.128675669893878
0;4.65799103514089;1.2915186942898;0.100836308662797
0;4.75897514224911;1.38502907162505;0.191703314095765
0;4.71223575495257;1.2795797690558;0.0654889925692674
0;4.60244621779142;1.30598630759807;0.140066510080736
0;4.62360260396202;1.3492478636796;0.191146409454399
0;4.71717843585443;1.63776958939022;0.548618246265831
0;4.52282460408941;1.20768617683177;0.0351600035577254
0;4.70365215361725;1.41118770797447;0.24668106012272
0;4.86409890735566;1.93179222771592;0.894669222029547
0;4.75543336304255;2.07989149363587;1.13358323580398
0;4.57452123346972;1.43072237557354;0.318797029083119
0;4.78368339638;1.62521575461811;0.50810222869261
0;4.81744927594082;1.84451503919431;0.793022535790358
0;4.79732564093055;1.77121186251006;0.700910369417264
0;4.76879966602781;1.77214945993268;0.712268892079573
0;4.84182513868481;1.71450693255615;0.608410602251338
0;4.62585485413543;1.32278258242649;0.15452406901103
0;4.57813241849026;1.52040064522321;0.438916232527663
0;4.74038723115398;1.82146505762562;0.78907599716541
0;4.71979119573498;1.67262189609701;0.594873308331922
0;4.32948460402203;1.1163333591354;-0.020121125642836
0;4.44559355022925;1.37903977031758;0.29443511576229
0;4.55616033698181;1.48781081560019;0.402571028026965
0;4.57048443161857;1.1411810856061;-0.0717239008749923
0;4.61145632019819;1.47644430654038;0.367626765372699
0;4.62113728587278;1.57557966954007;0.498401115545857
0;4.70343125321078;1.63236976432498;0.546170785167695
0;4.80004457053343;1.66571028662478;0.557132450641878
0;4.61862906134225;1.2087612729722;0.00273041875676228
0;4.66866577870714;1.22284752301303;0.00410140371777967
0;4.68695491919436;1.55060899074355;0.441319659319761
0;4.77723983891925;1.82714780819504;0.78373432924339
0;4.78630154153061;1.74279384631632;0.666340325745921
0;4.83367876037746;1.64389922350651;0.515711041920169
0;4.89882989045922;2.04536384908989;1.03612586658374
0;5.00036768165877;2.12289973288804;1.10517255294583
0;4.76406294831428;1.66053689692747;0.562855576965469
0;4.77649354220302;1.56651762290291;0.431186214110958
0;4.7510158472686;1.73810922804955;0.672478954629204
0;4.9173511479184;2.1003760403076;1.104044479617
0;4.56817689825773;1.28535284198295;0.124255888508257
0;4.66000128440852;1.35421253135743;0.184993229865493
0;4.67114410585593;1.51927584117015;0.404496438696528
0;4.54209646287589;1.29316193693627;0.144051318931368
0;4.58335812156372;1.21232945619819;0.0200355512140351
0;4.59211504247922;1.362775010034;0.220594738069908
0;4.61248152129353;1.32480964179888;0.161998069241572
0;4.52721004849993;0.988464189921215;-0.263149349239815
0;4.56260688038531;1.02179032766206;-0.230555592102186
0;4.8505514178872;1.59722068691453;0.446555181963731
0;4.86972156199229;1.5633203750579;0.393884462774731
0;4.76020573703082;1.37007880185451;0.171030059415188
0;4.79667906672601;1.56573853119216;0.422992179770792
0;4.76165173567387;1.5219041846387;0.376042893551771
0;4.76110962021041;1.42587870200927;0.246246046748319
0;4.76871490476822;1.49058220843192;0.33114453478427
0;4.63854199950487;1.21189909296483;-6.49268017720583e-05
0;4.66716484636893;1.37610221054271;0.212091366632761
0;4.5631955831624;1.15544508764961;-0.0498369045360291
0;4.64316870940537;1.44987235006725;0.320440308991992
0;4.52647015210258;1.12216466897564;-0.0818988621175517
0;4.48099384899864;1.1329389702712;-0.0512293717165871
0;4.62776062369988;1.19868667461197;-0.0141371768262908
0;4.48375801977556;0.976001652289022;-0.264651261788234
0;4.62257829195694;1.19943291890104;-0.0112940636673065
0;4.76258816065827;1.49997296438048;0.346023651282914
0;4.68608687557975;1.42904300951821;0.277064211571614
0;4.64889252518652;1.28681014483407;0.0976804375331819
0;4.63452872631959;1.19404121325675;-0.0228194839376484
0;4.94333613571979;1.93549088820631;0.871650763501509
0;4.87715162992564;1.93623914458465;0.896072364815161
0;4.81488389624014;1.69972516951114;0.597929506633086
0;4.72974206860444;1.51869311437121;0.382982185516499
0;4.78929538985747;1.59646754544533;0.467201212688241
0;4.43024021295564;0.828002162867745;-0.446067831122039
0;4.75103301300266;1.46445470781862;0.302029919864673
0;4.56397262822164;1.24232130089161;0.0674915900831589
0;4.64239973755224;1.48066589454839;0.362397150966866
0;4.62959052977712;1.4115000830012;0.27329865956041
0;4.76520233349332;1.61075979300937;0.495069898917641
0;4.69704844998177;1.31068838890366;0.112971946327043
0;4.66117937552111;1.35660822138069;0.187819570560668
0;4.71227175383476;1.42424360904878;0.261306029572701
0;4.53400000750721;0.707751622596487;-0.645548239595508
0;4.75063793316166;1.45951156546034;0.295478180322255
0;4.56428815045453;1.11492411886426;-0.105076100413253
0;4.69784709878382;1.34080381368481;0.153456376175727
0;4.78478614489712;1.66303234658922;0.558904083063968
0;4.8371385009099;1.83794453090506;0.777164263136415
0;4.63104477711701;1.25613573482601;0.0624693853399986
0;4.53168019275445;0.991824672877679;-0.260181340668385
0;4.60919691674722;1.48940672622558;0.385972968095534
0;4.5180093245956;1.47776987095169;0.40247228967797
0;4.54079765022142;1.22655211234772;0.0543417437363047
0;4.58854313029999;1.43196674504879;0.315522134707868
0;4.60142546388647;1.388080277006;0.251557197184472
0;4.74741244398526;1.40186808007164;0.218587678178106
0;4.60580788932161;1.16019779678402;-0.0584746976069649
0;4.61192272271998;1.48568316880177;0.379968345325796
0;4.67125462715044;1.30504447130142;0.114454817481534
0;4.60716201820299;1.22699500937908;0.0314689778576387
0;4.56354288207153;1.23511595584169;0.0578897939577245
0;4.7913172788245;1.78744510441796;0.725010209783757
0;4.88655260068341;1.54228453596642;0.35945554635803
0;4.79187647048577;1.78739038376263;0.724738355432514
0;4.776343045919;1.86111372863305;0.830030788774857
0;4.77192040584896;1.63111514275616;0.520248596172844
0;4.74067714460168;1.58801044498399;0.472948645296449
0;4.75566318393293;1.37558932995509;0.180096246226869
0;4.9071835156381;1.78806397033279;0.684867411670091
0;4.77433298138739;1.45541444674761;0.281551293151164
0;4.85540500388511;1.80457495645619;0.725531604477511
0;4.72565556799284;1.52029017651379;0.386589458162528
0;4.95146734866876;1.9143693629961;0.840182882661134
0;4.75273399018022;1.2209670671537;-0.0281781031062501
0;4.62179906762642;1.24850965246206;0.0554161463847069
0;4.92051117923128;1.76449789271833;0.648252443897585
0;4.72474539434312;1.3921363507537;0.21343102226138
0;4.7589215079321;1.53315695911035;0.392241294408597
0;4.7476077224387;1.36806523210899;0.17276008556605
0;4.64607039908944;1.34897708448557;0.182833259143813
0;4.80175207803006;1.40454257025076;0.20298880368254
0;4.8596248780187;1.30758917326823;0.0512751690083612
0;4.87088773006171;1.76350494280863;0.66445953991437
0;4.84603318011222;1.52095225769049;0.344909538708534
0;4.96999858188725;1.91891085777229;0.839776368525916
0;5.07236477582488;1.81862933592992;0.667820690107501
0;5.07700510556267;2.12331412031918;1.07862773272039
0;4.90756449516109;1.83291946990178;0.745453035317447
0;4.84981279155853;1.67058036340618;0.546122572358851
0;4.68792704569091;1.17457545372178;-0.0680564266325333
0;4.69240807769926;1.52668647607417;0.407007308325246
0;4.79194959345596;1.4431140407539;0.258669583397802
0;4.7615559420679;1.08548811794314;-0.214694614420868
0;4.60212012045053;1.17007729082695;-0.0437966193674945
0;4.71047679723129;1.40990614160111;0.242532420900097
0;4.72252781829949;1.37372073301542;0.189286344256229
0;4.553276152044;1.20790414319956;0.0246847013033746
0;4.6347325282268;1.23470351831508;0.0321525264066038
0;4.65935188445669;1.29229967393456;0.101412195102046
0;4.52638738931089;1.05383264785586;-0.174369857657965
0;4.50650069538546;0.933009214240787;-0.330893450324537
0;4.6361839712425;1.22872406191162;0.0235448467023824
0;4.70979968075438;1.34256985308107;0.151619553113686
0;4.71496843212847;1.42469490924927;0.260963165474736
0;4.65924034046925;1.3056808194939;0.11956554911931
0;4.76599060569826;1.66315253156206;0.565714541207818
0;4.65793348054252;1.38054986290065;0.221377129735665
0;4.73250660674475;1.57617207878659;0.459813010576913
0;4.6505710652501;1.54737504334493;0.449810450998938
0;4.61629934230693;1.52890577271217;0.436930325236702
0;4.64241866462109;1.23654330337954;0.031924524528647
0;4.58640309076402;1.27526785657293;0.104157566451378
0;4.6366577476927;1.3535178827988;0.192309231462974
0;4.50544881384244;0.854718750294819;-0.436502308793478
0;4.53294670621383;1.02828137869003;-0.211278270252648
0;4.57821515315661;1.21403691958955;0.0241659332128871
0;4.46113360633179;1.05402864082277;-0.151025034856133
0;4.56988960851645;1.13406511944033;-0.0811463200258876
0;4.50975663751408;0.974587910764708;-0.275760438182633
0;4.60942128230891;1.39098265989732;0.252658090755452
0;4.54856283390123;1.24351116896046;0.0745525670200151
0;4.75835764859428;1.72561743826818;0.652972252742853
0;4.70464414357395;1.4234753932416;0.262963902360687
0;4.58081193577831;1.24420686405243;0.0640881865606491
0;4.82139469598749;1.96289992985163;0.951883345475179
0;4.73045119378183;1.66818622764319;0.585098476985417
0;4.85074533824518;1.6104113209364;0.464342603501994
0;4.74786451630496;1.5863192961178;0.468117266248088
0;4.64584506376172;1.54805094361102;0.452396941525925
0;4.6739244625056;1.67482066472905;0.614072289836144
0;4.52133034900945;1.31985075340283;0.187524396172394
0;4.55928359014091;1.1043538064779;-0.117614955025592
0;4.51327110299009;1.02925738746015;-0.202998024837565
0;4.6125737481143;1.36736625132034;0.219573840478663
0;4.65966985513034;1.58344404014824;0.495418498496408
0;4.69254608318932;1.72911903369375;0.680989112616519
0;4.74245383516384;1.56006120416696;0.43448568587255
0;4.69559194323977;1.46160897901773;0.317786555708103
0;4.72022093600036;1.54423226929811;0.420921759211641
0;4.54782159883194;1.2444071112658;0.0760275600541305
0;4.4722719748532;1.1579254649336;-0.0143206163242398
0;4.54015357830824;1.24661864997942;0.0817333847652646
0;4.61953356577462;1.41965999985548;0.28790167677651
0;4.7251580772302;1.55385140883289;0.432196867471756
0;4.64975728049316;1.3119970246365;0.131469771859536
0;4.52900626123166;1.15938069386508;-0.0324169515620772
0;4.60942147468246;1.12026601676082;-0.113807970435888
0;4.80686976876045;1.80870080127228;0.748283065055488
0;4.70074509019645;1.61007049245824;0.516934583222882
0;4.53348035935429;1.22992080232097;0.0614899417141931
0;4.6700821702956;1.73957548921197;0.703089122225677
0;4.64115000262402;1.53491782622931;0.436279381106657
0;4.71625709569828;1.46080235509795;0.309385612473255
0;4.76849109312863;1.53699517213858;0.394052387295809
0;4.64494460677327;1.29302520347251;0.107490023776721
0;4.71280132369186;1.47789172198307;0.333741557696653
0;4.66710261081898;1.61916870892811;0.541149690177041
0;4.71229477031136;1.64517823273432;0.560374537292357
0;4.52771360063149;1.08978971603648;-0.126164255377634
0;4.66645003122477;1.3169742196895;0.132303310178751
0;4.66889505358056;1.4369468533622;0.293844102579922
0;4.77757650227114;1.51286368331143;0.358172465297902
0;4.81249344002562;1.65158342327352;0.533606057522339
0;4.63598067858551;1.33380610664094;0.165865099264041
0;4.73022334978828;1.29303426352764;0.0773401817977031
0;4.7057454024186;1.23719597342061;0.0104101006631944
0;4.79317965603535;1.61221121023172;0.487139409791418
0;4.76964362249071;1.75439992695655;0.687943056635748
0;4.64902314329604;1.2761667740149;0.0832264312650172
0;4.70425772591863;1.36103370315304;0.178573979124612
0;4.75116761415908;1.41498923179831;0.235021469406887
0;4.5955769743064;0.975890731250344;-0.304350487073043
0;4.61632928062309;1.30590037619781;0.135039906756615
0;4.72982962633777;1.28981329187509;0.0731192451096384
0;4.64450033374362;1.10006812242138;-0.153556614030044
0;4.74620115467622;1.60862448892316;0.498899859930081
0;4.61845322665183;1.02145472257204;-0.250762104509274
0;4.74795907287145;1.13797645704749;-0.138832700396795
0;4.69472533569643;1.11722451087447;-0.148096212243334
0;4.84403993348177;1.78424575036546;0.702031887126145
0;4.59193693393585;0.912966321810481;-0.388243093143374
0;4.75303180606121;1.34764940048922;0.143204974365179
0;4.55017353325972;0.895030400417538;-0.397751510311148
0;4.69737782817324;1.31621119873885;0.120331612952724
0;4.73900091001434;1.34278989172078;0.141589279351507
0;4.8071114341282;1.4366575617269;0.244566954375571
0;4.78302241338237;1.5067670978922;0.347993432166836
0;4.86099182839408;1.4879091559735;0.294888772416903
0;4.72331110185612;1.19554965598073;-0.052178823272406
0;4.76667404420689;1.38100760494254;0.183536488390452
0;4.68976654675845;1.38407176259451;0.21488569681263
0;4.42211751183467;0.893207454591467;-0.354927275236571
0;4.40224170716937;0.637431729865183;-0.694138077144021
0;4.64536003028271;1.26702652232515;0.0721489788840449
0;4.63864065599674;1.13767894000304;-0.100570784316533
0;4.67721944037635;1.4546320495239;0.314840108901026
0;4.68600089035251;1.02454353302708;-0.270471645974696
0;4.59324832430873;1.06498080136967;-0.18292667149594
0;4.63393010167261;1.32251485330434;0.151305525402326
0;4.65677391765206;1.33805101233056;0.164257050564492
0;4.38464072447527;0.856425363277756;-0.391463660582367
0;4.37833918624388;1.0189590068593;-0.169214963168504
0;4.58678645302635;1.07946061504887;-0.161040025713422
0;4.68718336384615;1.01647646228939;-0.281810173678739
0;4.61728710551842;0.974971234961338;-0.313273821246608
0;4.71909429452572;1.32659711235148;0.126710040924344
0;4.76847642213376;1.56621694072585;0.433614746894757
0;4.91216924957236;1.96265360259271;0.919443983914535
0;4.81640570964437;1.68830490464375;0.581931778156595
0;4.54257228871228;1.25295402074632;0.089454033066751
0;4.66303382152922;1.35698656223122;0.187675830065372
0;4.75196708922798;1.5893328950727;0.47074570768757
0;4.7737181705195;1.7065783035848;0.621766356818464
0;4.6403639501565;1.16771938198556;-0.060514894200196
0;4.70297122766089;1.26889014861908;0.0542953331462926
0;4.72472400840599;1.33816795918106;0.140382197860574
0;4.68247734818396;1.11664618572293;-0.144547112597465
0;4.68102693936996;1.43251831763723;0.283558337031185
0;4.50074298205298;1.10154393170579;-0.100713513090343
0;4.59575235551489;1.23093544014759;0.0408385593947233
0;4.64539267585327;1.28117314280615;0.0912875492803458
0;4.9101733328723;1.89823160443659;0.8329426017422
0;4.80508014883772;1.63038521019379;0.50753227677953
0;4.66001815911556;1.24026654877447;0.0307399008818312
0;4.64522399785444;1.2299685407566;0.0220321303374537
0;4.61976146101281;1.17403587291849;-0.0446774709169236
0;4.64681138718651;1.14802993957671;-0.0894486489966427
0;4.67990420482525;1.32955506790569;0.144575273293083
0;4.64799716419872;1.02430007845781;-0.2573597285997
0;4.62148457068725;0.983155756880948;-0.303679123403045
0;4.86813273329701;1.50365171539915;0.313673637701793
0;4.70636291117183;1.18459245800547;-0.0610170763199555
0;4.78079465867442;1.17191554410343;-0.104503317692586
0;4.83706543864659;1.44105979734646;0.239931824447665
0;4.5806249657437;1.14294449550354;-0.0729233830646422
0;4.66771648775284;1.014627606716;-0.277427738874881
0;4.8701063407817;1.55509304455477;0.382611128681079
0;4.68399925548668;0.966824828326017;-0.347896834767918
0;4.66047212096509;1.19012063261199;-0.0373026077262597
0;4.64688053229058;1.37084957823554;0.212155266558468
0;4.59871820089054;1.03300613465118;-0.228145040711083
0;4.58994677829832;1.4374244803858;0.322413753913624
0;4.71013257565871;1.28886748308054;0.0788055340007394
0;4.58282123682276;1.06557466481603;-0.178434824992164
0;4.5934896709317;0.895128460774974;-0.412939184749344
0;4.48197227052016;0.869484066802575;-0.408211288141162
0;4.51253612294278;0.937009111054858;-0.32761349722488
0;4.78278792571472;1.57270786020103;0.437339616096124
0;4.6880073325279;1.07602655494279;-0.201489329238431
0;4.89323681230958;1.42690432164852;0.200902554376184
0;4.75180544393957;1.29894814883671;0.0777124026005048
0;4.80311131543414;1.43562781370666;0.244587792156094
0;4.74927126238572;1.48726443787352;0.333530298843014
0;4.61728324554249;1.38904953682629;0.247260558787649
0;4.70203226360693;1.31932562192628;0.122901351595113
0;4.59373057770036;1.1609197890933;-0.0532257393240004
0;4.56183474666285;1.04935132041937;-0.192973499744622
0;4.70938369993498;1.35991745457552;0.175249928510643
0;4.84823106509545;1.58779432222185;0.434615502933064
0;4.80238196706595;1.79474016445637;0.730971995864373
0;4.78945773026312;1.40376263596898;0.206281384463881
0;4.87924374126749;1.53561983438863;0.353018675967838
0.0519407270535375;4.00258186148707;1.93648672980545;1.20573274425477
0.103881454107075;3.97764585518412;1.98166785962465;1.27571349529711
0.155822181160613;4.13102898816193;2.3686903629546;1.74537154548465
0.20776290821415;4.08028384335938;2.17486677754618;1.50094276812938
0.259703635267688;4.06318296577008;2.37022041042236;1.77143910759752
0.311644362321225;4.21459619034103;2.44062781328421;1.81319568690386
0.363585089374762;4.21956389787292;2.41650020800662;1.77877740552412
0.4155258164283;4.28605969600256;2.54862740487762;1.93411767011497
0.467466543481836;4.4116675318177;2.62353555267805;1.99109392382458
0.519407270535374;4.22902548558339;2.16437929801984;1.43413778726904
0.571347997588911;4.20368830174702;1.88615394285398;1.06646880665539
0.623288724642449;4.48224704805979;2.55952946108947;1.87948645715316
0.675229451695986;4.46464027332911;2.62173206100506;1.96991671111668
0.727170178749524;4.32437706091403;2.22120785806334;1.47734120173
0.779110905803061;4.54548901231715;2.48897532970617;1.76161019203011
0.831051632856599;4.6034341824174;2.55893978657693;1.83582573181384
0.882992359910136;4.66422293716234;2.75049491136778;2.07363141139376
0.934933086963674;4.69722235269666;2.69848622586165;1.99155634235719
0.986873814017211;4.68742921536121;2.85385870144269;2.20534598763379
1.03881454107075;4.70091387005269;2.67080189766795;1.95277473997026
1.09075526812429;4.76962524255485;2.71916596232789;1.99394219684919
1.14269599517782;4.86727084362824;2.78931506938257;2.05436611154235
1.19463672223136;4.95839236151239;3.04514343312402;2.36844938436915
1.2465774492849;4.94321552418395;2.89149554250679;2.1658258814858
1.29851817633844;4.8208358935629;2.47463234396376;1.64480724612943
1.35045890339197;4.9828372550708;2.88962045167484;2.14927384408261
1.40239963044551;5.23306712446749;3.35248638447635;2.68734669665383
1.45434035749905;5.36999236405081;3.45046245330236;2.77154689362934
1.50628108455259;5.15014760631589;2.84966152261737;2.03600616445471
1.55822181160612;5.26125080775695;3.15322827493106;2.40764505183936
1.61016253865966;5.22209882900505;3.01247788773199;2.23096048099122
1.6621032657132;5.28840338620769;3.00768110502163;2.20101597554402
1.71404399276674;5.45931204371533;3.11175910572786;2.28145674480546
1.76598471982027;5.42900329503117;3.10203748061744;2.27901654753052
1.81792544687381;5.57181769827427;3.18132678363649;2.33583775628832
1.86986617392735;5.55551617518974;3.41594346471946;2.65920130818615
1.92180690098089;5.57300790468267;3.70678679746581;3.04672594590783
1.97374762803442;5.73033798563182;3.63766301867724;2.89750805237634
2.02568835508796;5.81955912992372;3.67446323988336;2.91576759852655
2.0776290821415;5.92682106184108;3.75331362226757;2.9845691439823
2.12956980919504;5.93152271164542;3.63113055480213;2.81750841748335
2.18151053624857;6.01905266715032;3.92048461333859;3.17824533027899
2.23345126330211;5.86455402631487;3.70530098562133;2.94159812358766
2.28539199035565;6.11902615579323;3.91117697024119;3.13028621303596
2.33733271740918;6.06596696819063;3.86275945391435;3.08351040222998
2.38927344446272;6.21552769264093;3.99240349172645;3.20611013800747
2.44121417151626;6.17302122333181;3.78017372954938;2.93385120737527
2.4931548985698;6.46629962916178;4.70471132094152;4.08165788192404
2.54509562562333;6.50086229011243;4.46741415432095;3.74820703415765
2.59703635267687;6.5440554141085;4.54662787731975;3.84016082700097
2.64897707973041;6.54480468101831;4.37046475296841;3.60142583312391
2.70091780678395;6.52190869410635;4.31049126296336;3.52833845850434
2.75285853383748;6.46136165019321;4.2584727894783;3.47933644187828
2.80479926089102;6.5737621620783;4.23780490633483;3.41160380429685
2.85673998794456;6.52974315677175;4.39631436088995;3.64174523598701
2.9086807149981;6.52327916057346;4.36360754128568;3.59975663283757
2.96062144205163;6.73843122942997;4.64298207829804;3.90184591509435
3.01256216910517;6.82950640108538;4.94243434731582;4.27499875678179
3.06450289615871;6.71400864936032;4.30861265507937;3.45785187320882
3.11644362321225;6.71507700280112;4.07404372191135;3.1399407532783
3.16838435026578;6.99691048688737;4.36048500925637;3.42801176741776
3.22032507731932;6.98295779277675;4.30502232354701;3.35786747710276
3.27226580437286;7.18502835798026;5.08096272689784;4.33677901425233
3.3242065314264;7.13625389965739;4.86035988025966;4.0554024512123
3.37614725847993;7.13276630674294;4.56727166290723;3.6598858377608
3.42808798553347;7.15406600502118;4.54547184075773;3.62284221301724
3.48002871258701;7.50745099495495;5.33119333426494;4.56147613453459
3.53196943964055;7.40155499202936;5.01049579132725;4.16480576776164
3.58391016669408;7.42249292890849;4.84747249375197;3.93671750623426
3.63585089374762;7.28220723131283;4.45902409704645;3.46049682902786
3.68779162080116;7.49973461910203;4.76046440953005;3.79161617381706
3.7397323478547;7.5846629687516;4.97207810065344;4.04803700705757
3.79167307490823;7.57024538087432;5.25179292762449;4.43178307205547
3.84361380196177;7.62003481900422;5.18511168687589;4.32390749737468
3.89555452901531;7.75156854838799;5.43932126984686;4.62150611290524
3.94749525606885;7.75619864424822;5.02176231620113;4.05462376855416
3.99943598312238;7.69612052248788;4.91355244923488;3.92939025920988
4.05137671017592;7.81006709724413;4.87195832781548;3.83278318998239
4.10331743722946;8.02477243714674;5.49737683391929;4.60346619940824
4.155258164283;8.07763739509878;5.44603278660708;4.51526463050398
4.20719889133653;8.10487151184802;5.4052262636618;4.45039291913933
4.25913961839007;8.1341624157972;5.54842008384411;4.6338728852628
4.31108034544361;8.29168898486203;5.8000598073969;4.91879934459092
4.36302107249714;8.41076073427879;6.1269081214604;5.31913582983847
4.41496179955068;8.42299588702578;5.96687549561474;5.09817408032456
4.46690252660422;8.58615979360269;6.34864301743192;5.55725917607291
4.51884325365776;8.4458774440683;6.02475413797296;5.16843078755741
4.57078398071129;8.31731812774502;5.84173122508857;4.96614472960089
4.62272470776483;8.5016256961188;6.00097732238284;5.11652687402373
4.67466543481837;8.41293193692674;5.73505385301892;4.78791930310019
4.72660616187191;8.5307448764992;5.95377311124287;5.04232796080589
4.77854688892544;8.71250472657555;6.37865321434217;5.55319688946337
4.83048761597898;8.95267775100915;6.54731076689389;5.69656024558389
4.88242834303252;8.78033041275317;6.13566425783158;5.2002763836116
4.93436907008606;8.84930982202639;6.01669278231361;5.01482885089621
4.98630979713959;9.07702094244651;6.5421778231095;5.64563308816618
5.03825052419313;8.94161008869887;5.81981502718865;4.7156721693454
5.09019125124667;9.06811068288527;6.0789838697723;5.02176423912495
5.14213197830021;9.33869289527888;6.66643113426828;5.7212830128922
5.19407270535374;9.60359539081194;7.50978245604805;6.76922500367611
5.24601343240728;9.46234884520874;6.97353450744567;6.09326962093202
5.29795415946082;9.31407161939133;6.43478876374901;5.4164196722078
5.34989488651436;9.44078847976954;6.66986164044779;5.68981682041298
5.40183561356789;9.76445630274002;7.02146681747164;6.0513031169009
5.45377634062143;9.95648196512419;7.48532790309357;6.61130925213775
5.50571706767497;9.88414419339805;7.41645068759655;6.54365599541111
5.55765779472851;10.207644008905;7.81132597047651;6.96377595674439
5.60959852178204;9.98046991075821;7.54527969259593;6.68398103784921
5.66153924883558;9.94512863775172;7.5305795586349;6.67658143637216
5.71347997588912;9.96773723636659;7.51699151489127;6.65019105828222
5.76542070294265;9.9443885065997;7.14110917364054;6.14962165026384
5.81736142999619;10.0591994738596;7.12877645255098;6.09231967506084
5.86930215704973;10.2040465846266;7.42544790823688;6.4426896480376
5.92124288410327;10.3040813563323;7.75636778914653;6.85527092544736
5.9731836111568;10.3180864005412;7.34040264383927;6.28723029008209
6.02512433821034;10.3710201555253;7.39716959445045;6.34535299771476
6.07706506526388;10.4469784714733;7.64849617238589;6.65870530448584
6.12900579231742;10.6276755983254;8.00610827601809;7.07889019211212
6.18094651937095;10.6509402568178;7.8774532941836;6.89650298810154
6.23288724642449;10.610121124253;7.62726981647723;6.57226975958823
6.28482797347803;10.4682132890422;7.40379298915047;6.31994292183742
6.33676870053157;10.740062264625;7.99103507088634;7.01873590256265
6.3887094275851;11.0924326221454;8.42754274036222;7.48500196752676
6.44065015463864;11.0726067198374;8.16112764160987;7.131371117993
6.49259088169218;11.082366937671;8.58545843632927;7.70233073764211
6.54453160874572;11.1344557339899;8.54708977628477;7.63196832002727
6.59647233579925;10.982404367764;7.98263494166369;6.9216511417204
6.64841306285279;11.2148946666627;8.29076636549988;7.25653595782397
6.70035378990633;11.2885620440338;8.55361450093448;7.58629514242794
6.75229451695987;11.4618872020505;8.55434357396806;7.52597897361467
6.8042352440134;11.2848972762351;8.36251628520447;7.32890388094159
6.85617597106694;11.4697426989396;8.78044780042908;7.8292752550448
6.90811669812048;11.5213142482231;8.69840778610309;7.69997837382724
6.96005742517402;11.8625055981248;9.22571408602057;8.29311138201626
7.01199815222755;11.6919993950734;8.73089464867951;7.68358609938769
7.06393887928109;11.6582483165777;8.76015578191809;7.73513392415225
7.11587960633463;11.8649468323644;9.00512372785316;7.99363732553509
7.16782033338817;12.0560704145676;9.18810463626479;8.17373826427109
7.2197610604417;11.7878662189167;8.68304906045974;7.58491109083877
7.23645656504583;11.8035630301945;8.60046580789266;7.467567314783
7.23645656504583;12.1719348222342;9.24142860967182;8.20494240839609
0.0519407270535375;4.82435492551271;2.0721004853687;1.09865987726475
0.103881454107075;5.00825115785628;1.8778066347554;0.770604562245173
0.155822181160613;4.89385409285055;1.81825169972078;0.730446655177887
0.20776290821415;4.94070857821143;1.97573247294417;0.927054668731409
0.259703635267688;4.86272794503603;1.75826154900233;0.660247639999335
0.311644362321225;4.8849834906888;1.77422092087923;0.67398012792987
0.363585089374762;5.05165136494426;2.13094090298761;1.09791934556434
0.4155258164283;5.08234145522987;1.9751937376769;0.876231476220682
0.467466543481836;4.93590593815198;1.67409462572654;0.520429637063014
0.519407270535374;4.90866215274397;1.72448094164581;0.598272823226947
0.571347997588911;4.94546458748281;1.63912790253538;0.469714803860077
0.623288724642449;5.15418779531902;1.84390996882853;0.67310293390793
0.675229451695986;5.16422071200563;1.97284294254816;0.84408948455477
0.727170178749524;5.2994509208641;2.52600429399943;1.54506825421314
0.779110905803061;5.41287520876891;2.59376578233743;1.59667933773042
0.831051632856599;5.30435221220477;2.04963709524949;0.898481948965749
0.882992359910136;5.21338663646632;1.76470497453527;0.544946101525172
0.934933086963674;5.30971273222641;1.95136294250229;0.763553409396774
0.986873814017211;5.36679117996614;2.08282674545343;0.921326453366832
1.03881454107075;5.68319934581052;2.77124013400011;1.74131379268032
1.09075526812429;5.5647835296839;2.32253174991329;1.17578474204543
1.14269599517782;5.23395028393273;1.6129150348389;0.33219668866033
1.19463672223136;5.44023350153955;2.10753117978527;0.928792859883329
1.2465774492849;5.53876406745128;2.25491882779252;1.09346069354909
1.29851817633844;5.70427402850136;2.5573839270766;1.44436524345263
1.35045890339197;5.68802616470802;2.41038940447009;1.25112713769248
1.40239963044551;5.59832615133818;2.45475146514205;1.34290540559281
1.45434035749905;5.63055846006727;2.25521110850218;1.06138973408823
1.50628108455259;5.72252704029342;2.23159941115439;0.996898627465851
1.55822181160612;5.74881029409152;2.21267419929619;0.961983703443675
1.61016253865966;5.85986590715704;2.41862239030761;1.20149430330539
1.6621032657132;5.95681228000381;2.80898087900801;1.69562926859738
1.71404399276674;6.09541554948603;2.85846705654442;1.71359575997725
1.76598471982027;5.96804159411053;2.52059154426498;1.3012682782249
1.81792544687381;6.01290164424565;2.63557186172083;1.44104932437261
1.86986617392735;6.15316646469471;3.02168044887132;1.91411001241389
1.92180690098089;6.29914383150154;3.03983213046821;1.88705122548461
1.97374762803442;6.25229950415443;2.78967901489139;1.56499013964147
2.02568835508796;6.16007363095325;2.57279743728645;1.30401927910958
2.0776290821415;6.28108641587419;3.10562322604229;1.98249857105577
2.12956980919504;6.4776140346531;3.01628789525855;1.79205681660795
2.18151053624857;6.5282145179811;3.00701122581184;1.76160228978067
2.23345126330211;6.45581593652357;2.97549716461582;1.74454861120217
2.28539199035565;6.56531656468953;3.27633000830623;2.11305344971741
2.33733271740918;6.49154253337794;3.15239048331726;1.97137096900502
2.38927344446272;6.69658353817746;3.59149706421743;2.49326384081352
2.44121417151626;6.71562758108638;3.68276224032294;2.61007279760717
2.4931548985698;6.62967770289741;3.36536436027448;2.21081443242752
2.54509562562333;6.76036990962457;3.47515711528138;2.31321529274079
2.59703635267687;6.90544491421246;3.59987152381206;2.43072839360226
2.64897707973041;6.93656230776168;3.597996664751;2.41718455583951
2.70091780678395;6.9613775159495;3.71418710538033;2.56569336083813
2.75285853383748;6.98406329554823;3.35445249598947;2.07070107665553
2.80479926089102;7.10718709231941;3.80044584318539;2.63088965482986
2.85673998794456;7.07526539132378;3.7598318973233;2.58720136235026
2.9086807149981;7.06126058488975;3.55142664189366;2.31003891335389
2.96062144205163;7.29850311655263;3.67624398696049;2.39509276838502
3.01256216910517;7.37615719278883;4.11402936522958;2.96025242881883
3.06450289615871;7.33036542598945;4.03721001716064;2.87245898361033
3.11644362321225;7.53661697945798;4.46405252544177;3.37732196487642
3.16838435026578;7.5937458314622;4.50667888682648;3.41481896282664
3.22032507731932;7.49697208629857;4.18935170377073;3.0194845760874
3.27226580437286;7.47517882979759;3.78756957668742;2.48330477418992
3.3242065314264;7.74025729032657;4.45532871978746;3.29348742392372
3.37614725847993;7.6782511977423;4.37794592992738;3.2106660738315
3.42808798553347;7.73668747509458;4.51715467155543;3.37844310318607
3.48002871258701;7.83307943488984;4.59063840395175;3.44382446013175
3.53196943964055;7.62358623443097;4.02890852224491;2.75751253245224
3.58391016669408;7.75090529621887;4.43673599739915;3.26455259366056
3.63585089374762;7.92393611012886;4.75494921337625;3.63411514845342
3.68779162080116;8.02954377727901;4.63198788727912;3.43031160931998
3.7397323478547;7.93697518227334;4.35572242402258;3.08907468538428
3.79167307490823;7.98180571288962;4.44665976641324;3.19631947458533
3.84361380196177;7.99132204673424;4.2476192515676;2.92351481110134
3.89555452901531;8.06019045673756;4.44050546614428;3.16026469080246
3.94749525606885;8.37913629062906;5.06874712989439;3.89790071733749
3.99943598312238;8.37291817580485;4.82896693625915;3.57551231397002
4.05137671017592;8.41908577517842;4.87791413589342;3.6254426261133
4.10331743722946;8.41994893899432;4.72681820376821;3.42060051681704
4.155258164283;8.63103498431189;5.35728093525437;4.19939193857766
4.20719889133653;8.52014534305245;4.8092155265519;3.49670251012582
4.25913961839007;8.67932750948301;5.11500778367065;3.85434906303647
4.31108034544361;8.52965491184151;4.87387457756936;3.5808672960543
4.36302107249714;8.71547021460365;5.38374274021852;4.20534921257201
4.41496179955068;8.82004995164283;5.58566519880021;4.44170066749596
4.46690252660422;8.75805135701457;5.46305798175966;4.29765688071216
4.51884325365776;8.70056673430905;5.23280376359605;4.00629605205082
4.57078398071129;8.68962461750491;5.11176578044047;3.84631843252739
4.62272470776483;8.85065469417017;5.36144718720691;4.12735479086525
4.67466543481837;9.05404045728068;5.91501744769381;4.80478126359134
4.72660616187191;8.99249949489269;5.4585088823483;4.20857721878856
4.77854688892544;9.16017777363684;5.76439114102149;4.56334062896512
4.83048761597898;9.20110065200851;5.84133595910889;4.6530259910918
4.88242834303252;9.33804161861751;6.00127073873025;4.82109341680683
4.93436907008606;9.45717908333777;6.45830593592315;5.39763913939933
4.98630979713959;9.4714374228201;6.58362218957791;5.56223529462497
5.03825052419313;9.58694952742871;6.54138482505093;5.46420376480437
5.09019125124667;9.53140448145484;6.29847974075791;5.15503159888707
5.14213197830021;9.40957507761247;5.94638802022879;4.72149875637828
5.19407270535374;9.58520502641214;6.32745348640841;5.17522439236189
5.24601343240728;9.71285615804085;6.09033962665159;4.80909736803333
5.29795415946082;9.5716544571496;5.77941115981894;4.43813850435959
5.34989488651436;9.61815435063786;5.91838583452581;4.60982044113886
5.40183561356789;9.84363267039298;6.28804705802181;5.03047749243645
5.45377634062143;10.1372311179095;6.29741498441314;4.93931636624814
5.50571706767497;10.3439039597451;6.79529069366976;5.5401871664416
5.55765779472851;10.2996778402089;6.8647520618337;5.6498584859627
5.60959852178204;10.1964700996503;6.66551591320423;5.41665819848603
5.66153924883558;10.3512166217777;6.84969552829207;5.61124795861416
5.71347997588912;10.5417155951448;7.31685035816396;6.17625276967368
5.76542070294265;10.7169827926987;7.47789360256145;6.33226516612042
5.81736142999619;10.4920343890911;6.91190614305497;5.64565613139934
5.86930215704973;10.4538861260986;6.76006585821496;5.45360429152662
5.92124288410327;10.4354685606881;6.70098250882924;5.38013792402151
5.9731836111568;10.8172774750282;7.42671083024296;6.22750656759345
6.02512433821034;10.8773375669601;7.47645081331596;6.27359644735593
6.07706506526388;10.7771611938014;7.42149283965663;6.23463169934612
6.12900579231742;10.6483718271561;7.30468707574034;6.12206439730957
6.18094651937095;10.7729991524126;7.51975445435795;6.36911937825661
6.23288724642449;10.8785410928123;7.43852081468703;6.22182537309371
6.28482797347803;10.8532120231684;7.33446396561001;6.08992341770379
6.33676870053157;11.0199154131603;7.53271038012074;6.29932623567823
6.3887094275851;11.2873371617331;7.79484033715457;6.55958454716262
6.44065015463864;11.2647989248442;7.75685009890446;6.5161291144951
6.49259088169218;11.3635328865055;7.85122922201596;6.6089679815082
6.54453160874572;11.5232179862646;7.99667515249676;6.74937768227162
6.59647233579925;11.6850718285343;8.11166453841163;6.84779165123841
6.64841306285279;11.746276013019;8.3923513093367;7.20610687805639
6.70035378990633;11.6789794618379;8.40024902889746;7.24059994271645
6.75229451695987;11.8489208485616;8.36975310407457;7.13921165576576
6.8042352440134;11.7609138430062;8.13594357845641;6.85383346275886
6.85617597106694;11.7064148452531;8.10910086952355;6.83677246376324
6.90811669812048;11.9386142787118;7.8678565994052;6.4280766237643
6.96005742517402;12.0004290668233;8.12098531503874;6.74887086596736
7.01199815222755;11.9704163542875;8.26643501623951;6.95637959639016
7.06393887928109;12.0019456097865;8.45534418414773;7.20095222164606
7.11587960633463;12.4109775916327;8.67068891053217;7.34779200277951
7.16782033338817;12.1899193044094;8.19396526460301;6.78064247230294
7.2197610604417;12.1354173800584;8.33471822871272;6.99045483534983
7.23645656504583;12.4673635573316;8.94477515208469;7.6988763175554
7.23645656504583;12.2542774247092;8.26462877462332;6.85353612584281
0.0519407270535375;4.58383987650986;1.34958916728722;0.205672045663251
0.103881454107075;4.6892495431638;1.62074014551516;0.535443811552827
0.155822181160613;4.57398589439417;1.40195796495407;0.280048321892384
0.20776290821415;4.5721424871828;1.28351746704915;0.120368779656234
0.259703635267688;4.71031905168114;1.34406107285899;0.153454504605781
0.311644362321225;4.73366098455015;1.44851812857222;0.286601042423682
0.363585089374762;4.82648652241531;1.53581740490155;0.371945743873719
0.4155258164283;4.92125661406279;1.6178063870679;0.449414195233006
0.467466543481836;4.92084894683746;1.99345852576483;0.958074343952998
0.519407270535374;4.85288590282128;1.41461338868563;0.198536111029547
0.571347997588911;4.94141742216339;1.79825159857979;0.686550149014416
0.623288724642449;4.89000525187522;1.73996415696806;0.625831003342031
0.675229451695986;5.13874383669036;2.0084406559914;0.901288574656177
0.727170178749524;5.14377551679563;1.97208011033539;0.850288076811188
0.779110905803061;5.20041101816445;1.99579656321777;0.862361442445018
0.831051632856599;5.21117311941898;2.05029686873927;0.932331445657932
0.882992359910136;5.16927014177281;2.0042900720857;0.884873175618832
0.934933086963674;5.27331017670868;1.8784968424933;0.677790574839823
0.986873814017211;5.2180288366642;1.79286922547772;0.581429830146206
1.03881454107075;5.2432201914829;2.0507734838216;0.92164195473137
1.09075526812429;5.3474137564779;2.28930692478184;1.20768985825173
1.14269599517782;5.34875802359261;2.04003946135809;0.869783920196002
1.19463672223136;5.4361711361087;2.17317479742508;1.01909067866061
1.2465774492849;5.44945753957585;2.47545983588503;1.42359119650546
1.29851817633844;5.70521015505461;2.87125016767773;1.868911251182
1.35045890339197;5.89959206461469;2.89753846857243;1.83574678410192
1.40239963044551;5.5559834356799;2.28634453020118;1.12991101228011
1.45434035749905;5.86303575736116;2.75339694465521;1.65355361161445
1.50628108455259;5.91585501398796;2.96184752145881;1.91704918888866
1.55822181160612;5.82095980564263;2.86444468377347;1.81875943166784
1.61016253865966;5.86092057241163;2.79642880310322;1.71255345788296
1.6621032657132;5.92055136326713;2.96383549346726;1.91807923913706
1.71404399276674;5.91071051889779;2.81914391949654;1.72569251957521
1.76598471982027;5.93221244048577;2.77635416350338;1.66016353976335
1.81792544687381;6.17811150288702;3.11801741820159;2.0356974832411
1.86986617392735;6.19702382566102;3.13087010288626;2.04640694391981
1.92180690098089;6.06945674640247;2.84723427681244;1.70757140462548
1.97374762803442;6.0484270767155;2.70318590177583;1.52001273432067
2.02568835508796;6.12873967368077;2.72548972030011;1.52179951788723
2.0776290821415;6.15531711823915;2.74966205053659;1.54512118696606
2.12956980919504;6.21238007588058;2.91564685454245;1.74963039002983
2.18151053624857;6.52956819247224;3.19704870315995;2.01837504898109
2.23345126330211;6.59458949819499;3.36117075626111;2.21754789185824
2.28539199035565;6.55883242032243;3.18549901919288;1.99238995578767
2.33733271740918;6.5939942804983;3.51042345287435;2.41980006508285
2.38927344446272;6.51132997759399;3.23314478302504;2.0736885413588
2.44121417151626;6.53630397517903;3.19547550927705;2.01386306604363
2.4931548985698;6.53950121132999;2.91715805292996;1.63597711433563
2.54509562562333;6.63295375045641;3.14268851131614;1.90822200731983
2.59703635267687;6.51270560436716;2.81481817428838;1.50691809930562
2.64897707973041;6.82701670545179;3.48184465255791;2.29869593277203
2.70091780678395;6.87569043199719;3.43625099076841;2.21976098447694
2.75285853383748;6.95212722739029;3.63961933559491;2.46802355233229
2.80479926089102;6.96285371486392;3.45773792648888;2.21801895474581
2.85673998794456;7.10439667301644;3.44867641076525;2.15569037603018
2.9086807149981;7.07678677872821;3.74052494761957;2.56052767036984
2.96062144205163;7.07476138705884;3.38807067327962;2.08413074753467
3.01256216910517;7.18313365115189;3.75695132975478;2.54515021363366
3.06450289615871;7.12500227745769;3.50611050244985;2.22615027829927
3.11644362321225;7.18261945534923;3.41839878845605;2.08703741373291
3.16838435026578;7.34085440779027;3.76587996797417;2.50145279805425
3.22032507731932;7.3207393763779;3.76916142393706;2.51300932138225
3.27226580437286;7.46860419232846;4.10330403692393;2.91303623975112
3.3242065314264;7.4748337348975;3.89814684861582;2.63311400615912
3.37614725847993;7.52577654595208;4.26201613254919;3.10766176938126
3.42808798553347;7.47252656265113;4.00826631635407;2.7829974779798
3.48002871258701;7.59976234155589;4.20435266827393;3.00343548238007
3.53196943964055;7.68461460218438;4.27187466894276;3.06482797025836
3.58391016669408;7.80121109823004;4.52435059917336;3.36536288701008
3.63585089374762;7.57549367768683;3.66784863372822;2.28575971332788
3.68779162080116;7.82156813447938;4.15654560055278;2.86026945976342
3.7397323478547;8.06574216991495;4.45832400661155;3.18242186640548
3.79167307490823;8.05993707591682;4.48347621914151;3.21852332071061
3.84361380196177;8.07989647310543;4.62489752443644;3.40290430006905
3.89555452901531;8.27684581944211;5.03507050975463;3.88849202385216
3.94749525606885;8.45114300216789;4.96661824577473;3.73418208422594
3.99943598312238;8.54673122222987;5.28952138684352;4.1374838874636
4.05137671017592;8.40467260613035;4.89444898544749;3.65292343241044
4.10331743722946;8.34053356311637;4.81648485959288;3.57006953442904
4.155258164283;8.60173776068924;5.26441921419602;4.0840481889194
4.20719889133653;8.59429292431374;5.04187702390245;3.78542854882845
4.25913961839007;8.68525875391263;5.06915239546242;3.7901773409779
4.31108034544361;8.89631649696983;5.53309563104617;4.34356325454782
4.36302107249714;8.87812599763089;5.16851256257491;3.85646513506215
4.41496179955068;8.77057647225401;4.99991257904012;3.66627230958389
4.46690252660422;8.83198567628037;5.28890910675855;4.03576384515483
4.51884325365776;8.87445831342198;5.37964900284087;4.14357531325808
4.57078398071129;9.20971015927086;5.84498546732384;4.65492120492956
4.62272470776483;9.1728090706672;5.82641129711158;4.64282905408415
4.67466543481837;9.31212083389724;5.8607211425868;4.64000093397732
4.72660616187191;9.3584054559607;6.08442356284492;4.92645398035632
4.77854688892544;9.44825255969779;5.72950053890819;4.41422089916827
4.83048761597898;9.63662039989886;6.08523129132964;4.82914598067114
4.88242834303252;9.54061422592329;6.04162959391623;4.80407914136821
4.93436907008606;9.56453348740834;6.35805440588293;5.22395978822489
4.98630979713959;9.85027504311918;6.58568941708713;5.43104318574312
5.03825052419313;9.63643918843574;6.16346604693456;4.93511555815681
5.09019125124667;9.46857436808168;5.71605040072709;4.38882601353884
5.14213197830021;9.61525417001815;6.0323604760133;4.76513235735089
5.19407270535374;9.86812458399641;6.51920965552802;5.33473712388006
5.24601343240728;9.82446064719346;6.57744476946908;5.42901275517834
5.29795415946082;9.85141818256713;6.12729760238376;4.81011916519083
5.34989488651436;9.88126909411537;5.85035507910626;4.4246673473499
5.40183561356789;10.0368754432793;6.49028300823123;5.23589422559765
5.45377634062143;10.2030903116891;6.71658446251279;5.4834476113274
5.50571706767497;10.0677585289152;6.11315411654774;4.71445620990207
5.55765779472851;10.1460287800949;6.44503367896316;5.13603445662126
5.60959852178204;10.3154810601711;6.73861473303919;5.47351842442627
5.66153924883558;10.4613665144297;6.93970060291077;5.69412804375865
5.71347997588912;10.4188792463369;6.78864753258149;5.50467650306746
5.76542070294265;10.4896074448649;6.75561423753062;5.43494396613905
5.81736142999619;10.6567872887498;7.18026644052214;5.95066116884974
5.86930215704973;10.5770292441741;6.96378439505285;5.68582142336879
5.92124288410327;10.8954266440391;7.35121198227486;6.09766419058952
5.9731836111568;10.8472123216945;7.2088926350205;5.92206098289781
6.02512433821034;10.9365542907564;7.59417382781067;6.41201246114784
6.07706506526388;11.0858944802518;7.70680074977604;6.51165432441047
6.12900579231742;10.9622799207143;7.42359459845697;6.17200247029368
6.18094651937095;10.8916414467116;7.09184463081901;5.74790038308421
6.23288724642449;10.8922573433635;7.06009818142536;5.70470774566572
6.28482797347803;11.0046644291878;7.31094490226212;6.00451896648718
6.33676870053157;11.0084900914179;7.19463647530987;5.84572049968902
6.3887094275851;11.088919441773;7.52066084972012;6.25860899758896
6.44065015463864;11.1584503473888;7.51173333415271;6.22193164461058
6.49259088169218;11.5486848660334;7.96090200417976;6.69194464331705
6.54453160874572;11.4131717554362;7.63411420664922;6.29750519815993
6.59647233579925;11.5174232356269;7.95124461685087;6.68992842724485
6.64841306285279;11.5435921247987;8.19877945665977;7.01575784711094
6.70035378990633;11.6895928304564;8.20963217657597;6.97881028537253
6.75229451695987;11.6273890854697;7.81138265211713;6.46170524990101
6.8042352440134;11.7411752870101;8.05935013493184;6.75713110216532
6.85617597106694;11.8042767086174;8.21125762281351;6.94044827001579
6.90811669812048;12.0308263297094;8.30135065909632;6.98227818826745
6.96005742517402;11.8582048575923;7.76085803614345;6.31167378802018
7.01199815222755;12.0095831269529;8.37165670415479;7.08496414492295
7.06393887928109;12.0862844841425;8.47619969472227;7.1993543996571
7.11587960633463;12.4119842551933;8.85128497112752;7.5919067589245
7.16782033338817;12.3860581836093;8.54887437687358;7.19170678228153
7.2197610604417;12.3427172249624;8.31055687136402;6.88442832404332
7.23645656504583;12.565650743628;8.61522302600568;7.21800236805233
7.23645656504583;12.6281578253426;8.58995785623458;7.1616931666631
